# r vrotvdisp verr vapp vrec  err   pa incl  vsys
#
6.5  3.900  0.855  0.210  4.030  3.770  0.857  239.000  66.630  375.900
13.0  9.470  1.650  0.300  11.690  7.460  1.960  248.800  66.530  375.900
19.5  13.620  1.950  0.280  16.280  10.940  2.363  255.100  66.430  375.900
26.0  16.310  1.820  0.220  18.560  13.950  2.154  256.300  66.330  375.900
32.5  17.270  1.830  0.200  19.440  15.070  2.131  254.300  66.230  375.900
39.0  18.250  2.340  0.230  21.110  15.460  2.733  247.700  66.130  375.900
45.5  20.340  2.360  0.220  23.310  17.220  2.808  242.900  66.030  375.900
52.0  22.560  1.970  0.170  25.080  20.030  2.340  238.000  65.930  375.900
58.5  24.600  1.620  0.130  26.570  22.550  1.906  235.500  65.820  375.900
65.0  26.190  1.330  0.100  26.690  25.680  1.354  233.200  65.720  375.900
71.5  28.040  1.950  0.140  26.420  29.610  2.107  230.900  65.620  375.900
78.0  30.220  2.510  0.170  27.200  33.200  2.924  229.700  65.520  375.900
84.5  32.030  2.530  0.170  28.520  35.420  3.062  228.400  65.420  375.900
91.0  33.420  2.460  0.160  29.840  37.140  3.063  227.300  65.320  375.900
97.5  34.650  2.580  0.160  30.600  38.610  3.266  226.900  65.220  375.900
104.0  34.910  2.420  0.150  31.330  38.430  3.001  226.500  65.120  375.900
110.5  35.290  2.220  0.130  32.280  38.290  2.681  226.200  65.370  375.900
117.0  36.060  2.010  0.120  33.480  38.690  2.395  226.200  65.700  375.900
123.5  36.650  1.780  0.100  34.680  38.580  2.030  226.100  66.040  375.900
130.0  37.330  1.650  0.090  35.760  38.950  1.833  226.000  66.560  375.900
136.5  37.820  1.510  0.080  36.480  39.160  1.652  225.800  67.070  375.900
143.0  38.450  1.380  0.070  37.350  39.550  1.486  225.500  67.590  375.900
149.5  39.360  1.350  0.070  38.690  40.020  1.390  225.200  68.110  375.900
156.0  39.880  1.330  0.070  39.340  40.410  1.357  224.900  68.630  375.900
162.5  40.380  1.250  0.060  39.870  40.880  1.275  225.300  69.040  375.900
169.0  40.830  1.250  0.060  40.370  41.290  1.271  225.800  69.240  375.900
175.5  41.310  1.230  0.060  41.000  41.620  1.240  226.200  69.440  375.900
182.0  42.210  1.140  0.060  42.350  42.080  1.142  226.600  69.640  375.900
188.5  43.120  1.170  0.060  43.820  42.410  1.222  227.000  69.840  375.900
195.0  43.860  1.300  0.060  44.920  42.840  1.400  227.300  70.020  375.900
201.5  44.290  1.390  0.060  45.400  43.180  1.497  227.700  69.740  375.900
208.0  44.900  1.400  0.060  45.860  43.940  1.480  228.000  69.460  375.900
214.5  45.870  1.290  0.060  46.630  45.100  1.346  228.400  69.180  375.900
221.0  46.620  1.390  0.060  47.340  45.940  1.433  228.700  68.890  375.900
227.5  47.250  1.450  0.060  47.970  46.540  1.493  229.100  68.610  375.900
234.0  48.040  1.630  0.070  48.910  47.170  1.687  228.700  68.330  375.900
240.5  48.420  1.790  0.070  49.040  47.800  1.817  228.300  68.050  375.900
247.0  47.920  1.700  0.070  48.160  47.680  1.704  227.800  67.760  375.900
253.5  47.740  1.980  0.080  47.890  47.560  1.982  227.400  67.430  375.900
260.0  48.080  2.080  0.080  48.070  48.100  2.080  227.000  67.110  375.900
266.5  47.840  2.390  0.100  47.490  48.260  2.398  226.600  66.780  375.900
273.0  47.780  2.510  0.100  47.400  48.250  2.519  226.100  66.460  375.900
279.5  48.340  2.550  0.100  48.070  48.670  2.554  225.700  66.130  375.900
286.0  48.250  2.690  0.110  48.420  48.020  2.692  225.300  65.810  375.900
292.5  47.680  2.980  0.120  48.670  46.340  3.036  225.000  65.480  375.900
299.0  47.410  3.010  0.120  48.870  45.420  3.131  224.700  65.160  375.900
305.5  47.090  2.620  0.100  48.080  45.870  2.678  224.500  64.830  375.900
312.0  46.660  2.430  0.090  46.730  46.570  2.430  224.300  64.500  375.900
318.5  46.360  2.460  0.090  46.720  45.840  2.470  224.000  64.180  375.900
325.0  46.890  2.500  0.100  47.280  46.350  2.511  223.800  63.850  375.900
331.5  46.980  2.970  0.120  47.560  46.190  2.990  223.900  63.530  375.900
338.0  46.310  3.350  0.130  47.340  44.880  3.406  224.000  63.200  375.900
344.5  46.420  3.700  0.140  47.630  44.660  3.774  224.100  62.880  375.900
351.0  46.040  3.580  0.140  47.160  44.470  3.643  224.400  62.550  375.900
357.5  46.640  3.960  0.170  47.860  44.610  4.042  225.400  62.230  375.900
364.0  47.490  3.870  0.180  48.370  45.060  3.957  226.400  61.900  375.900
370.5  47.500  3.910  0.190  48.450  44.510  4.032  227.400  61.580  375.900
377.0  46.870  4.150  0.230  47.180  45.960  4.161  228.400  61.250  375.900
383.5  46.700  4.350  0.260  46.200  48.730  4.396  229.600  60.920  375.900
390.0  48.330  4.240  0.290  47.800  50.300  4.286  230.900  60.600  375.900
396.5  50.010  4.630  0.340  49.410  51.930  4.673  232.100  60.270  375.900
