# r vrotvdisp verr vapp vrec  err   pa incl  vsys
#
6.0  1.290  0.636  0.160  2.460  0.880  0.749  54.200  60.200  53.120
12.0  2.820  0.789  0.150  3.730  2.010  0.899  54.200  60.240  53.120
18.0  4.100  1.140  0.170  5.190  3.370  1.227  54.210  60.280  53.120
24.0  5.960  2.080  0.270  6.950  5.030  2.135  54.210  60.430  53.120
30.0  7.400  2.790  0.350  8.600  6.700  2.830  54.220  60.580  53.120
36.0  8.790  2.790  0.310  9.680  8.070  2.819  54.220  60.760  53.120
42.0  9.910  2.960  0.310  9.940  9.130  2.967  54.230  60.940  53.120
48.0  8.340  2.840  0.290  8.310  9.440  2.854  54.230  61.050  53.120
54.0  9.430  2.500  0.300  7.090  9.820  2.591  54.240  61.160  53.120
60.0  10.440  2.840  0.340  12.240  9.670  2.912  54.240  61.220  53.120
66.0  10.280  3.230  0.290  11.300  9.390  3.265  54.250  61.280  53.120
72.0  10.830  3.180  0.240  10.760  10.770  3.180  54.250  61.300  53.120
78.0  12.380  2.960  0.210  11.490  13.340  2.996  54.260  61.330  53.120
84.0  14.300  2.750  0.190  12.970  15.880  2.845  54.270  61.330  53.120
90.0  16.370  2.750  0.190  14.800  18.180  2.877  54.270  61.330  53.120
96.0  18.510  2.760  0.180  16.960  20.070  2.867  54.280  61.300  53.120
102.0  19.960  2.770  0.170  18.580  21.560  2.868  54.280  61.270  53.120
108.0  21.750  3.260  0.200  19.830  23.820  3.409  54.290  61.210  53.120
114.0  24.320  4.130  0.250  21.850  26.370  4.282  54.290  61.150  53.120
120.0  26.200  3.970  0.230  24.830  27.630  4.031  54.300  61.060  53.120
126.0  27.610  2.940  0.170  26.830  28.330  2.964  54.300  60.980  53.120
132.0  28.240  3.210  0.180  27.370  29.000  3.236  54.310  60.870  53.120
138.0  28.560  3.220  0.180  28.280  29.610  3.237  54.310  60.760  53.120
144.0  30.620  4.190  0.230  30.110  31.030  4.196  54.320  60.620  53.120
150.0  31.560  4.070  0.220  30.850  32.590  4.093  54.320  60.490  53.120
156.0  31.650  3.740  0.190  30.530  32.680  3.778  54.330  60.340  53.120
162.0  31.290  3.210  0.160  30.810  32.540  3.239  54.330  60.180  53.120
168.0  33.030  3.080  0.150  32.930  32.930  3.080  54.340  60.010  53.120
174.0  34.570  3.310  0.160  35.310  33.920  3.328  54.350  59.840  53.120
180.0  36.000  3.540  0.170  36.740  35.080  3.564  54.350  59.650  53.120
186.0  36.760  3.720  0.170  36.660  36.620  3.720  54.360  59.460  53.120
192.0  37.090  3.840  0.170  36.240  38.070  3.867  54.360  59.260  53.120
198.0  38.090  3.800  0.170  37.450  39.250  3.827  54.370  59.060  53.120
204.0  40.100  3.830  0.170  39.890  40.520  3.833  54.370  58.840  53.120
210.0  42.050  4.270  0.190  42.040  41.660  4.271  54.380  58.620  53.120
216.0  42.850  3.480  0.150  43.610  41.700  3.513  54.380  58.400  53.120
222.0  43.160  3.290  0.140  44.500  41.880  3.355  54.390  58.170  53.120
228.0  43.550  3.270  0.140  44.550  42.500  3.310  54.390  57.930  53.120
234.0  43.800  3.430  0.140  44.060  43.490  3.433  54.400  57.690  53.120
240.0  44.600  3.550  0.150  44.480  45.270  3.555  54.400  57.450  53.120
246.0  46.740  4.040  0.160  46.440  46.410  4.040  54.410  57.200  53.120
252.0  46.680  4.080  0.160  47.770  46.400  4.094  54.410  56.950  53.120
258.0  48.370  4.360  0.170  48.840  47.630  4.370  54.420  56.700  53.120
264.0  50.240  4.420  0.170  50.160  50.410  4.420  54.420  56.440  53.120
270.0  52.220  4.460  0.170  51.080  52.940  4.484  54.430  56.180  53.120
276.0  52.590  4.570  0.170  52.100  53.300  4.580  54.440  55.920  53.120
282.0  52.850  4.280  0.160  52.530  53.280  4.284  54.440  55.660  53.120
288.0  52.940  3.620  0.130  52.170  53.880  3.645  54.450  55.400  53.120
294.0  53.520  3.290  0.120  52.310  54.370  3.330  54.450  55.130  53.120
300.0  53.460  3.190  0.110  52.720  54.620  3.225  54.460  54.870  53.120
306.0  54.350  3.280  0.120  53.530  55.200  3.306  54.460  54.600  53.120
312.0  55.540  3.380  0.120  54.640  56.320  3.406  54.470  54.330  53.120
318.0  56.010  3.190  0.110  55.520  56.650  3.202  54.470  54.060  53.120
324.0  56.990  3.420  0.120  56.760  57.200  3.422  54.480  53.800  53.120
330.0  58.180  3.540  0.120  58.100  57.930  3.540  54.480  53.530  53.120
336.0  58.680  3.460  0.120  59.000  58.470  3.463  54.490  53.270  53.120
342.0  59.700  3.520  0.120  59.810  59.650  3.520  54.490  53.000  53.120
348.0  60.950  3.770  0.120  60.670  61.060  3.771  54.500  52.740  53.120
354.0  62.190  3.160  0.100  61.510  63.120  3.186  54.500  52.480  53.120
360.0  64.070  3.290  0.110  62.730  65.160  3.346  54.510  52.220  53.120
366.0  64.770  3.460  0.110  63.100  66.610  3.570  54.520  51.970  53.120
372.0  65.770  3.570  0.110  64.180  67.520  3.666  54.520  51.720  53.120
378.0  67.290  3.510  0.110  66.510  67.670  3.522  54.530  51.460  53.120
384.0  67.380  3.460  0.110  67.270  67.520  3.461  54.530  51.220  53.120
390.0  67.350  3.490  0.110  67.020  67.320  3.491  54.540  50.970  53.120
396.0  66.810  3.600  0.110  67.040  66.990  3.600  54.540  50.730  53.120
402.0  67.190  3.520  0.110  67.500  67.290  3.520  54.550  50.490  53.120
408.0  68.620  3.550  0.110  68.940  68.120  3.556  54.550  50.260  53.120
414.0  69.240  3.390  0.100  70.210  68.020  3.434  54.600  50.020  53.120
420.0  69.020  3.140  0.090  71.040  67.190  3.284  54.680  49.800  53.120
426.0  69.570  3.220  0.100  71.780  67.660  3.381  54.760  49.570  53.120
432.0  71.000  3.490  0.100  73.120  68.410  3.683  54.840  49.360  53.120
438.0  71.090  3.890  0.120  74.260  68.180  4.176  54.920  49.140  53.120
444.0  71.340  4.150  0.120  74.880  67.750  4.517  55.000  48.930  53.120
450.0  71.490  4.170  0.120  74.940  68.140  4.503  55.080  48.720  53.120
456.0  71.530  4.250  0.130  74.650  68.500  4.520  55.170  48.520  53.120
462.0  71.720  4.200  0.130  74.600  68.610  4.459  55.250  48.320  53.120
468.0  71.970  4.290  0.130  74.720  69.060  4.517  55.330  48.130  53.120
474.0  72.620  4.380  0.140  75.120  69.730  4.583  55.410  47.950  53.120
480.0  73.360  4.340  0.130  75.420  70.670  4.500  55.490  47.770  53.120
486.0  73.660  3.990  0.130  75.470  71.370  4.120  55.570  47.590  53.120
492.0  73.290  4.040  0.130  75.140  70.660  4.192  55.650  47.420  53.120
498.0  72.360  4.510  0.140  75.090  69.340  4.734  55.730  47.250  53.120
504.0  73.660  4.830  0.160  76.700  69.040  5.196  55.820  47.090  53.120
510.0  75.140  4.670  0.160  77.800  69.880  5.072  55.900  46.940  53.120
516.0  75.140  4.400  0.150  77.570  70.820  4.713  56.110  46.790  53.120
522.0  74.980  4.430  0.160  77.060  71.360  4.654  56.480  46.640  53.120
528.0  74.680  4.430  0.160  77.150  71.490  4.650  56.850  46.500  53.120
534.0  75.940  4.400  0.170  77.830  72.000  4.635  57.220  46.370  53.120
540.0  75.820  4.300  0.180  77.900  72.470  4.509  57.590  46.250  53.120
546.0  75.370  4.320  0.190  76.890  72.180  4.478  57.960  46.120  53.120
552.0  74.640  3.970  0.180  76.250  71.840  4.120  58.330  46.010  53.120
558.0  75.220  4.200  0.190  76.730  72.110  4.356  58.700  45.890  53.120
564.0  76.530  4.190  0.190  78.280  72.590  4.425  59.070  45.790  53.120
570.0  77.150  4.430  0.210  79.450  72.560  4.753  59.440  45.690  53.120
576.0  76.630  4.210  0.200  78.820  71.950  4.547  59.820  45.600  53.120
582.0  76.560  4.210  0.220  77.860  73.180  4.370  60.190  45.510  53.120
588.0  76.500  4.130  0.230  77.580  74.120  4.220  60.560  45.420  53.120
594.0  77.960  4.560  0.250  78.210  75.360  4.615  60.930  45.340  53.120
600.0  78.460  4.580  0.260  78.650  76.910  4.601  60.930  45.340  53.120
