# r vrotvdisp verr vapp vrec  err   pa incl  vsys
#
55.0  302.210  10.300  1.700  296.170  309.580  10.832  150.400  70.670  633.700
60.0  305.830  10.100  1.350  302.140  309.340  10.259  150.400  70.660  633.700
65.0  307.820  8.250  0.950  305.230  309.960  8.334  150.400  70.660  633.700
70.0  309.310  7.640  0.780  308.010  310.580  7.667  150.400  70.660  633.700
75.0  310.910  5.280  0.510  309.850  311.980  5.307  150.400  70.650  633.700
80.0  312.820  4.940  0.470  311.480  314.160  4.985  150.400  70.650  633.700
85.0  314.990  5.720  0.510  312.750  317.300  5.832  150.400  70.640  633.700
90.0  316.450  5.810  0.510  313.330  319.390  6.004  150.400  70.640  633.700
95.0  317.000  5.720  0.470  314.730  319.280  5.832  150.400  70.630  633.700
100.0  318.230  4.720  0.370  316.360  320.030  4.808  150.400  70.630  633.700
105.0  320.600  5.400  0.410  318.700  322.390  5.478  150.400  70.530  633.700
110.0  321.420  4.020  0.300  319.780  323.000  4.100  150.300  70.300  633.700
115.0  321.730  3.790  0.270  320.270  323.160  3.858  150.300  70.080  633.700
120.0  322.400  3.710  0.260  321.430  323.320  3.740  150.200  69.860  633.700
125.0  322.410  3.610  0.240  320.790  323.950  3.695  150.100  69.630  633.700
130.0  322.610  3.500  0.230  319.810  325.350  3.764  150.000  69.410  633.700
135.0  323.080  3.490  0.230  320.750  325.280  3.669  149.900  69.190  633.700
140.0  323.460  3.610  0.230  322.020  324.770  3.675  149.900  68.960  633.700
145.0  323.270  3.610  0.220  323.400  323.150  3.611  149.800  68.740  633.700
150.0  323.070  3.390  0.200  324.810  321.330  3.500  149.700  68.520  633.700
155.0  323.920  3.730  0.220  326.870  320.930  4.015  149.600  68.510  633.700
160.0  323.640  4.220  0.240  327.770  319.560  4.693  149.500  68.510  633.700
165.0  322.770  3.950  0.230  326.840  318.880  4.423  149.500  68.510  633.700
170.0  321.710  4.010  0.230  325.270  318.520  4.351  149.400  68.500  633.700
175.0  320.420  4.280  0.240  323.240  317.940  4.480  149.300  68.500  633.700
180.0  320.380  4.630  0.260  323.470  317.550  4.861  149.200  68.500  633.700
185.0  320.660  4.690  0.260  323.960  317.590  4.953  149.200  68.500  633.700
190.0  321.160  4.750  0.260  324.300  317.890  5.013  149.100  68.490  633.700
195.0  321.240  4.670  0.250  324.440  317.850  4.952  149.000  68.490  633.700
200.0  319.230  3.960  0.210  321.130  317.380  4.069  148.900  68.490  633.700
205.0  317.370  3.330  0.180  317.660  317.100  3.333  148.800  68.500  633.700
210.0  316.550  3.240  0.170  315.870  317.240  3.258  148.800  68.700  633.700
215.0  315.720  4.020  0.210  314.260  317.240  4.088  148.700  68.900  633.700
220.0  313.710  4.210  0.220  312.070  315.480  4.295  148.600  69.110  633.700
225.0  311.970  4.110  0.220  310.940  313.130  4.146  148.500  69.310  633.700
230.0  311.020  4.760  0.250  310.050  312.040  4.786  148.500  69.510  633.700
235.0  310.380  5.050  0.270  310.230  310.530  5.051  148.400  69.720  633.700
240.0  309.360  5.480  0.280  310.220  308.490  5.497  148.300  69.920  633.700
245.0  308.480  5.920  0.300  309.460  307.490  5.940  148.200  70.130  633.700
250.0  307.450  6.920  0.360  308.580  306.410  6.941  148.100  70.320  633.700
255.0  306.410  8.560  0.440  307.450  305.430  8.575  148.100  70.510  633.700
260.0  304.970  10.000  0.530  304.770  305.150  10.000  148.000  70.700  633.700
265.0  304.930  10.100  0.550  303.490  305.910  10.118  147.900  70.880  633.700
270.0  303.550  10.100  0.560  298.890  306.670  10.286  147.800  71.070  633.700
275.0  301.270  10.400  0.530  294.670  306.920  10.842  147.800  71.260  633.700
280.0  300.790  9.810  0.470  294.290  306.720  10.290  147.700  71.450  633.700
285.0  300.090  8.440  0.400  292.430  306.970  9.189  147.600  71.630  633.700
290.0  300.180  7.810  0.370  293.980  306.180  8.384  147.500  71.820  633.700
295.0  300.280  7.520  0.350  294.120  306.860  8.167  147.400  71.990  633.700
300.0  300.560  7.140  0.330  294.760  306.990  7.767  147.400  72.110  633.700
305.0  300.950  6.840  0.310  294.950  307.400  7.515  147.400  72.230  633.700
310.0  300.990  7.100  0.320  294.210  307.910  7.883  147.600  72.350  633.700
315.0  300.580  7.190  0.320  293.570  307.790  8.021  147.900  72.470  633.700
320.0  300.060  7.210  0.320  292.260  307.990  8.213  148.100  72.590  633.700
325.0  299.930  7.110  0.320  292.450  307.700  8.068  148.300  72.710  633.700
330.0  299.840  7.430  0.330  292.260  307.570  8.358  148.600  72.830  633.700
335.0  299.250  8.150  0.360  291.860  307.310  9.019  148.800  72.950  633.700
340.0  299.760  8.560  0.380  292.780  307.190  9.287  149.100  73.050  633.700
345.0  300.220  8.760  0.390  294.180  306.660  9.299  149.300  73.150  633.700
350.0  300.780  9.290  0.410  295.490  306.530  9.691  149.600  73.260  633.700
355.0  300.450  9.590  0.430  296.260  305.050  9.839  149.800  73.360  633.700
360.0  300.550  9.960  0.440  297.760  303.460  10.061  150.100  73.460  633.700
365.0  300.750  10.800  0.490  298.080  303.610  10.888  150.300  73.560  633.700
370.0  300.790  11.800  0.600  299.670  301.990  11.814  150.600  73.670  633.700
375.0  299.490  13.700  0.710  300.860  297.970  13.719  150.800  73.770  633.700
380.0  299.710  14.300  0.740  301.660  297.490  14.338  151.100  73.870  633.700
385.0  297.390  15.900  0.820  302.450  290.300  16.188  151.300  73.970  633.700
390.0  296.010  16.800  0.870  303.030  285.840  17.341  151.500  74.060  633.700
395.0  297.320  18.000  1.020  308.200  285.050  18.908  151.800  74.150  633.700
400.0  296.200  18.400  1.060  311.490  283.200  19.712  152.000  74.230  633.700
405.0  296.490  18.700  1.160  313.770  283.120  20.209  152.300  74.320  633.700
410.0  293.730  18.900  1.200  314.240  276.960  21.073  152.400  74.410  633.700
415.0  290.340  19.600  1.320  313.270  266.400  22.835  152.400  74.490  633.700
420.0  289.670  19.500  1.330  308.970  254.340  23.807  152.400  74.580  633.700
425.0  285.760  18.600  1.340  306.820  247.560  23.779  152.400  74.670  633.700
430.0  286.700  17.200  1.140  302.930  255.290  20.921  152.400  74.750  633.700
435.0  284.440  17.100  1.230  302.710  251.340  21.386  152.400  74.840  633.700
440.0  284.940  16.600  1.100  301.030  256.870  19.936  152.400  74.930  633.700
445.0  285.660  16.400  1.020  302.070  262.840  19.109  152.400  75.010  633.700
450.0  286.400  16.700  0.960  302.920  261.210  19.688  152.400  75.100  633.700
455.0  288.660  15.800  0.890  302.760  265.650  18.322  152.400  75.190  633.700
460.0  285.390  15.500  0.860  301.500  269.770  17.412  152.400  75.270  633.700
465.0  284.990  14.600  0.790  302.340  274.290  16.197  152.400  75.360  633.700
470.0  283.880  13.900  0.750  300.350  274.240  15.356  152.500  75.440  633.700
475.0  282.100  13.200  0.710  298.670  274.270  14.541  152.600  75.510  633.700
480.0  283.550  13.200  0.700  298.140  275.240  14.388  152.800  75.580  633.700
485.0  284.310  12.700  0.680  297.000  276.840  13.664  153.000  75.650  633.700
490.0  282.360  13.200  0.720  293.040  276.650  13.821  153.100  75.720  633.700
495.0  282.880  12.500  0.640  291.440  278.020  12.942  153.300  75.790  633.700
500.0  283.090  12.800  0.670  291.530  277.990  13.240  153.500  75.860  633.700
505.0  281.180  12.300  0.640  289.370  276.290  12.727  153.600  75.930  633.700
510.0  280.980  11.700  0.650  288.180  277.030  12.027  153.800  76.000  633.700
515.0  282.060  11.300  0.590  287.840  278.590  11.534  154.000  76.070  633.700
520.0  281.690  11.000  0.570  286.820  278.320  11.203  154.100  76.120  633.700
525.0  281.270  10.700  0.560  286.260  277.710  10.911  154.300  76.160  633.700
530.0  281.440  10.400  0.520  286.780  278.020  10.628  154.500  76.210  633.700
535.0  280.220  10.300  0.530  284.130  278.060  10.411  154.600  76.250  633.700
540.0  279.450  10.200  0.530  281.260  278.590  10.222  154.800  76.290  633.700
545.0  278.920  10.600  0.560  279.740  278.500  10.605  154.900  76.340  633.700
550.0  279.240  10.900  0.570  280.670  278.440  10.914  155.100  76.380  633.700
555.0  278.760  11.200  0.600  280.360  277.940  11.216  155.300  76.430  633.700
560.0  276.830  11.800  0.680  280.420  275.140  11.874  155.400  76.470  633.700
565.0  275.880  12.000  0.730  279.400  274.520  12.062  155.600  76.520  633.700
570.0  275.790  11.800  0.690  283.350  272.390  12.114  155.800  76.560  633.700
575.0  275.140  12.800  0.730  279.820  272.560  12.928  155.900  76.610  633.700
580.0  273.680  12.500  0.730  275.170  272.730  12.515  156.100  76.650  633.700
585.0  273.120  12.400  0.740  271.500  274.100  12.417  156.300  76.700  633.700
590.0  274.000  12.400  0.790  270.190  275.820  12.480  156.400  76.750  633.700
595.0  273.970  11.900  0.750  270.270  275.430  11.970  156.600  76.810  633.700
600.0  273.690  11.600  0.690  272.270  274.400  11.612  156.800  76.860  633.700
605.0  273.290  10.900  0.610  272.580  273.860  10.905  156.900  76.910  633.700
610.0  272.930  10.700  0.590  273.620  272.290  10.705  157.100  76.970  633.700
615.0  272.010  10.800  0.580  272.150  271.850  10.800  157.200  77.020  633.700
620.0  271.760  11.000  0.560  272.040  271.420  11.001  157.400  77.070  633.700
625.0  271.250  11.800  0.650  272.520  269.690  11.821  157.600  77.130  633.700
630.0  270.560  11.600  0.660  271.220  269.910  11.605  157.700  77.180  633.700
635.0  271.110  11.700  0.690  271.590  270.720  11.702  157.900  77.230  633.700
640.0  272.170  11.600  0.680  272.390  272.040  11.600  158.100  77.290  633.700
645.0  273.200  11.700  0.720  274.850  272.370  11.716  158.200  77.330  633.700
650.0  274.560  12.100  0.790  274.610  274.530  12.100  158.400  77.360  633.700
655.0  275.350  12.600  0.870  273.830  276.220  12.614  158.600  77.400  633.700
660.0  277.960  12.900  0.950  275.880  278.950  12.923  158.700  77.440  633.700
665.0  281.070  13.000  1.070  276.650  283.250  13.104  158.800  77.480  633.700
670.0  279.680  12.600  1.050  274.940  282.040  12.724  158.800  77.520  633.700
675.0  279.600  11.800  0.980  278.880  279.930  11.803  158.800  77.560  633.700
680.0  280.080  10.800  0.870  280.200  280.010  10.800  158.800  77.600  633.700
685.0  282.560  10.600  0.950  278.750  286.120  10.759  158.800  77.640  633.700
690.0  282.860  10.900  0.970  277.500  288.280  11.228  158.800  77.680  633.700
695.0  284.230  10.900  1.010  280.410  288.520  11.087  158.800  77.720  633.700
700.0  282.870  19.900  1.970  282.380  283.340  19.901  158.800  77.760  633.700
705.0  284.620  9.930  1.160  275.450  288.070  10.419  158.800  77.800  633.700
710.0  285.870  11.100  1.370  257.940  291.830  13.964  158.800  77.840  633.700
715.0  283.910  9.630  1.190  273.290  290.880  10.587  158.800  77.870  633.700
720.0  283.440  8.470  1.060  274.530  289.850  9.296  158.800  77.910  633.700
725.0  282.140  9.010  1.100  274.540  285.840  9.442  158.800  77.950  633.700
730.0  279.620  9.540  1.100  271.660  282.080  9.889  158.800  77.990  633.700
735.0  277.630  9.470  1.100  258.630  280.610  10.949  158.800  78.030  633.700
740.0  278.160  9.750  1.170  251.910  281.360  12.218  158.800  78.070  633.700
745.0  284.740  9.900  1.180  275.270  288.410  10.431  158.800  78.110  633.700
750.0  287.930  11.100  1.270  281.200  292.250  11.439  158.800  78.150  633.700
755.0  289.090  10.500  1.260  279.570  293.800  11.086  158.800  78.190  633.700
