# r vrotvdisp verr vapp vrec  err   pa incl  vsys
#
6.0  2.590  0.859  0.230  1.320  3.970  1.085  48.600  58.600  99.300
12.0  4.680  1.180  0.220  3.560  5.870  1.314  48.600  58.600  99.300
18.0  6.920  1.570  0.240  6.750  7.090  1.572  48.600  58.600  99.300
24.0  9.270  1.850  0.230  9.610  8.910  1.858  48.600  58.600  99.300
30.0  11.780  2.240  0.250  11.130  12.430  2.263  48.600  58.600  99.300
36.0  14.270  2.900  0.300  12.020  16.270  3.089  48.600  58.600  99.300
42.0  15.040  3.640  0.340  10.790  19.490  4.240  48.600  58.600  99.300
48.0  16.910  4.630  0.410  10.570  23.020  5.579  48.600  58.600  99.300
54.0  19.950  6.040  0.500  11.320  28.410  7.398  48.600  58.600  99.300
60.0  22.110  6.840  0.540  12.690  31.510  8.302  48.600  58.600  99.300
66.0  24.590  6.990  0.530  14.560  34.530  8.590  48.600  58.600  99.300
72.0  27.940  6.630  0.480  17.640  38.000  8.359  48.600  58.600  99.300
78.0  30.570  6.450  0.450  20.490  40.940  8.230  48.600  58.600  99.300
84.0  32.720  6.540  0.440  22.530  43.160  8.329  48.600  58.600  99.300
90.0  34.810  6.610  0.430  24.350  45.040  8.393  48.600  58.600  99.300
96.0  36.560  6.520  0.410  26.680  46.580  8.201  48.600  58.600  99.300
102.0  39.230  6.080  0.370  30.480  48.310  7.539  48.600  58.600  99.300
108.0  41.830  5.960  0.350  32.940  50.570  7.413  48.600  58.600  99.300
114.0  43.160  5.820  0.340  34.440  52.030  7.295  48.600  58.600  99.300
120.0  44.680  5.730  0.320  36.010  53.420  7.196  48.600  58.600  99.300
126.0  46.370  5.770  0.310  37.270  55.470  7.348  48.600  58.600  99.300
132.0  46.370  5.660  0.300  37.290  55.400  7.248  48.600  58.600  99.300
138.0  46.250  5.530  0.290  37.660  54.920  7.014  48.600  58.600  99.300
144.0  46.740  5.400  0.280  38.750  54.850  6.735  48.600  58.600  99.300
150.0  47.280  5.180  0.260  40.140  54.390  6.287  48.600  58.600  99.300
156.0  48.330  5.190  0.260  41.660  54.920  6.158  48.600  58.600  99.300
162.0  49.450  5.120  0.250  43.670  55.290  5.887  48.600  58.600  99.300
168.0  49.940  5.100  0.240  45.030  54.930  5.669  48.600  58.600  99.300
174.0  50.640  5.280  0.250  46.360  54.880  5.693  48.600  58.600  99.300
180.0  51.100  5.230  0.240  47.580  54.860  5.538  48.600  58.600  99.300
186.0  51.200  5.200  0.230  48.350  54.090  5.394  48.600  58.600  99.300
192.0  51.730  5.350  0.240  49.190  54.230  5.496  48.600  58.600  99.300
198.0  52.700  5.400  0.230  51.120  54.310  5.459  48.600  58.600  99.300
204.0  54.040  5.580  0.240  53.600  54.480  5.584  48.600  58.600  99.300
210.0  55.160  5.800  0.250  55.880  54.470  5.811  48.600  58.600  99.300
216.0  56.220  5.800  0.240  57.450  55.010  5.832  48.600  58.600  99.300
222.0  56.750  5.820  0.240  58.910  54.580  5.920  48.600  58.600  99.300
228.0  57.220  5.820  0.240  59.790  54.710  5.957  48.600  58.600  99.300
234.0  57.580  5.710  0.230  60.470  54.850  5.880  48.600  58.600  99.300
240.0  57.280  5.450  0.220  60.040  54.860  5.602  48.130  58.600  99.300
246.0  57.660  5.380  0.220  60.340  55.240  5.529  47.640  58.600  99.300
252.0  57.740  5.060  0.210  59.710  56.040  5.143  47.150  58.600  99.300
258.0  57.810  4.710  0.190  58.850  56.920  4.735  46.670  58.600  99.300
264.0  57.450  4.930  0.200  57.210  57.650  4.931  46.180  58.600  99.300
270.0  56.340  5.220  0.210  54.600  57.670  5.276  45.700  58.600  99.300
276.0  56.630  5.500  0.220  54.430  58.180  5.579  45.210  58.600  99.300
282.0  57.220  4.990  0.200  55.880  58.080  5.020  44.720  58.600  99.300
288.0  57.030  4.600  0.180  56.150  57.680  4.616  44.240  58.600  99.300
294.0  56.870  4.470  0.170  56.110  57.490  4.483  43.750  58.600  99.300
300.0  56.850  3.900  0.150  56.990  56.740  3.901  43.270  58.600  99.300
306.0  56.420  4.170  0.160  57.850  55.280  4.219  42.780  58.600  99.300
312.0  55.750  4.840  0.190  58.600  53.580  5.000  42.300  58.600  99.300
318.0  54.660  5.230  0.200  58.240  51.810  5.471  41.930  58.600  99.300
324.0  52.970  5.990  0.240  57.730  49.490  6.334  41.620  58.600  99.300
330.0  51.810  6.820  0.280  57.780  47.330  7.303  41.310  58.600  99.300
336.0  52.110  7.570  0.330  58.290  45.730  8.195  41.000  58.600  99.300
342.0  51.750  7.420  0.330  57.450  44.210  8.125  40.690  58.600  99.300
348.0  51.710  7.670  0.340  57.580  41.610  8.647  40.380  58.600  99.300
354.0  50.050  8.780  0.400  57.420  37.810  10.056  40.070  58.600  99.300
360.0  47.240  8.600  0.400  55.700  33.290  10.264  39.760  58.600  99.300
366.0  45.100  8.640  0.410  54.240  31.200  10.384  39.460  58.600  99.300
372.0  44.710  8.810  0.420  54.350  29.500  10.780  39.150  58.600  99.300
378.0  44.880  8.810  0.420  53.830  29.890  10.651  38.840  58.600  99.300
384.0  43.490  8.600  0.410  51.360  28.140  10.376  38.530  58.600  99.300
390.0  42.780  9.200  0.450  52.120  28.060  10.992  38.220  58.600  99.300
396.0  42.120  9.070  0.430  52.940  29.200  10.839  37.910  58.600  99.300
402.0  42.510  9.290  0.440  53.220  28.440  11.166  37.600  58.600  99.300
408.0  42.170  9.630  0.470  53.350  28.240  11.495  37.290  58.600  99.300
414.0  42.130  9.020  0.470  54.070  30.430  10.784  36.980  58.600  99.300
420.0  39.900  8.630  0.460  52.640  30.600  10.239  36.670  58.600  99.300
426.0  35.740  7.580  0.430  50.030  29.810  9.111  36.360  58.600  99.300
432.0  31.160  5.640  0.370  44.010  29.420  6.717  36.050  58.600  99.300
438.0  28.990  5.360  0.380  26.220  29.270  5.414  35.750  58.600  99.300
444.0  27.890  6.040  0.450  25.330  28.060  6.078  35.440  58.600  99.300
450.0  31.490  4.260  0.380  38.790  31.220  4.661  35.130  58.600  99.300
