# r vrotvdisp verr vapp vrec  err   pa incl  vsys
#
3.5  10.630  3.970  2.100  8.600  12.790  4.106  347.000  63.650  1.080
7.0  17.010  2.970  0.960  20.260  14.180  3.336  360.100  63.650  1.080
10.5  20.260  3.550  0.900  24.630  15.230  4.257  366.400  63.650  1.080
14.0  23.830  3.610  0.810  28.110  19.010  4.267  360.800  63.650  1.080
17.5  25.390  3.370  0.670  28.940  21.450  3.855  355.300  63.650  1.080
21.0  26.240  2.720  0.500  27.180  25.270  2.762  350.500  63.650  1.080
24.5  27.660  2.110  0.360  27.960  27.310  2.116  348.900  63.650  1.080
28.0  29.720  2.520  0.400  28.100  31.530  2.662  347.400  63.650  1.080
31.5  31.210  2.170  0.320  29.850  32.580  2.275  346.200  63.660  1.080
35.0  34.720  1.770  0.250  34.640  34.820  1.771  345.100  63.660  1.080
38.5  37.380  1.410  0.190  37.710  37.050  1.420  344.000  63.660  1.080
42.0  39.500  1.910  0.240  40.260  38.670  1.951  343.500  63.660  1.080
45.5  42.200  2.240  0.280  43.080  41.120  2.293  343.100  63.660  1.080
49.0  44.060  2.690  0.320  45.220  42.820  2.756  342.600  63.660  1.080
52.5  46.920  3.520  0.410  45.970  47.960  3.555  342.100  63.660  1.080
56.0  48.600  4.400  0.500  47.240  50.020  4.455  341.700  63.660  1.080
59.5  48.730  3.930  0.430  48.330  49.120  3.935  340.600  63.660  1.080
63.0  50.910  3.740  0.400  52.240  49.450  3.804  336.500  63.660  1.080
66.5  55.640  3.370  0.350  56.410  54.790  3.394  332.300  63.660  1.080
70.0  60.430  4.190  0.420  61.030  59.800  4.201  328.200  63.660  1.080
73.5  63.660  3.990  0.380  64.030  63.300  3.994  324.100  63.660  1.080
77.0  65.780  3.000  0.290  65.520  66.060  3.003  323.900  63.660  1.080
80.5  67.280  2.820  0.260  66.620  67.950  2.840  324.000  63.660  1.080
84.0  69.270  2.990  0.270  68.690  69.880  3.005  324.000  63.660  1.080
87.5  70.640  2.960  0.260  71.040  70.220  2.967  324.000  63.660  1.080
91.0  72.160  3.090  0.270  73.240  71.030  3.139  324.000  63.660  1.080
94.5  73.870  3.320  0.290  76.110  71.550  3.510  324.000  63.660  1.080
98.0  75.020  3.280  0.270  77.370  72.590  3.491  324.000  63.660  1.080
101.5  75.440  2.850  0.240  77.100  73.630  2.979  324.000  63.660  1.080
105.0  75.650  2.720  0.230  75.610  75.690  2.720  324.000  63.660  1.080
108.5  75.800  3.180  0.270  74.490  77.320  3.258  324.000  63.660  1.080
112.0  74.440  4.780  0.410  70.600  77.840  5.111  324.000  63.660  1.080
115.5  74.940  5.250  0.450  69.760  79.230  5.759  324.000  63.660  1.080
119.0  75.440  4.960  0.440  70.070  79.440  5.485  324.000  64.390  1.080
122.5  77.140  4.090  0.380  73.340  79.270  4.350  324.000  65.180  1.080
126.0  78.470  3.430  0.330  76.840  79.100  3.476  324.000  65.970  1.080
129.5  80.090  3.360  0.330  79.970  80.130  3.360  324.000  66.760  1.080
133.0  80.520  3.740  0.400  81.240  80.340  3.747  324.000  67.560  1.080
136.5  80.480  4.770  0.560  77.250  81.590  4.892  324.000  68.350  1.080
140.0  82.780  4.150  0.600  80.870  83.520  4.203  324.000  69.140  1.080
143.5  85.720  3.130  0.550  85.960  85.610  3.131  324.000  69.930  1.080
147.0  86.230  3.340  0.670  88.610  85.010  3.459  324.000  70.720  1.080
