# r vrotvdisp verr vapp vrec  err   pa incl  vsys
#
7.0  20.160  18.100  3.940  48.810  -7.630  22.950  211.000  64.170  555.600
14.0  25.960  20.700  3.430  55.280  -4.350  25.509  211.000  64.160  555.600
21.0  28.240  18.600  2.490  51.120  0.950  22.434  211.000  64.150  555.600
28.0  38.210  18.700  2.200  63.200  10.830  22.828  211.000  64.150  555.600
35.0  66.070  18.200  1.910  79.790  51.570  19.520  211.000  64.140  555.600
42.0  98.940  13.900  1.300  100.480  97.320  13.922  211.100  64.130  555.600
49.0  129.660  9.220  0.790  131.620  127.610  9.274  210.700  64.120  555.600
56.0  149.880  6.380  0.510  154.590  145.120  6.805  210.300  64.110  555.600
63.0  167.380  7.740  0.580  176.700  158.580  8.968  209.900  64.100  555.600
70.0  181.040  10.000  0.700  193.070  169.210  11.644  209.600  64.090  555.600
77.0  191.510  10.200  0.690  198.530  184.450  10.790  208.100  64.080  555.600
84.0  200.260  10.000  0.650  203.210  197.370  10.106  206.300  64.080  555.600
91.0  206.660  9.090  0.550  208.910  204.420  9.159  205.100  64.070  555.600
98.0  211.130  8.120  0.480  213.340  208.900  8.196  204.100  64.060  555.600
105.0  213.460  6.970  0.400  215.400  211.530  7.037  203.100  64.050  555.600
112.0  214.070  5.790  0.320  214.330  213.810  5.791  202.600  64.040  555.600
119.0  213.450  5.130  0.280  211.380  215.550  5.235  202.000  64.030  555.600
126.0  213.220  4.720  0.250  210.070  216.340  4.973  201.700  64.020  555.600
133.0  214.170  4.320  0.220  210.900  217.560  4.630  202.100  64.010  555.600
140.0  215.470  3.950  0.200  212.380  218.470  4.233  202.500  64.000  555.600
147.0  215.270  3.810  0.180  213.230  217.300  3.944  202.400  64.000  555.600
154.0  213.960  3.990  0.190  212.610  215.120  4.039  202.000  63.990  555.600
161.0  212.490  3.950  0.200  210.640  213.700  4.023  201.500  63.980  555.600
168.0  210.970  4.020  0.220  209.870  211.540  4.042  201.000  63.970  555.600
175.0  207.710  4.360  0.250  204.160  209.700  4.575  200.200  63.960  555.600
182.0  204.780  4.750  0.300  199.690  207.860  5.171  199.400  63.950  555.600
189.0  200.770  5.240  0.360  195.800  204.110  5.637  198.500  63.940  555.600
196.0  199.030  5.160  0.340  195.670  201.240  5.345  198.900  63.930  555.600
203.0  200.680  4.700  0.290  197.840  202.410  4.837  199.400  63.930  555.600
210.0  200.360  4.860  0.300  197.840  202.080  4.974  199.800  63.920  555.600
217.0  200.610  4.780  0.280  197.230  202.670  4.970  200.200  63.910  555.600
224.0  201.930  4.950  0.260  197.800  203.910  5.180  200.200  63.900  555.600
231.0  204.000  8.110  0.390  200.920  206.000  8.209  200.200  60.020  555.600
238.0  206.880  3.880  0.170  203.390  209.970  4.214  200.200  57.410  555.600
245.0  206.130  3.650  0.150  204.020  207.940  3.779  200.200  57.910  555.600
252.0  205.130  3.990  0.160  203.800  206.200  4.035  200.400  58.420  555.600
259.0  204.000  4.310  0.160  202.730  205.130  4.352  200.600  58.930  555.600
266.0  203.320  4.610  0.160  202.360  204.210  4.633  200.900  59.440  555.600
273.0  203.000  4.850  0.170  201.900  204.100  4.881  201.100  59.950  555.600
280.0  202.320  5.170  0.180  200.750  203.900  5.230  201.400  60.450  555.600
287.0  201.630  5.410  0.180  199.790  203.480  5.488  201.500  60.960  555.600
294.0  200.870  5.540  0.190  199.250  202.500  5.599  201.600  61.470  555.600
301.0  200.300  5.830  0.190  198.990  201.600  5.866  201.700  61.980  555.600
308.0  199.990  5.970  0.200  198.990  200.990  5.991  201.800  62.480  555.600
315.0  199.890  6.160  0.200  199.420  200.360  6.164  202.000  62.990  555.600
322.0  199.840  6.430  0.210  199.450  200.240  6.433  202.100  63.500  555.600
329.0  199.790  6.780  0.220  199.430  200.150  6.782  202.200  64.010  555.600
336.0  199.820  6.790  0.220  199.830  199.810  6.790  202.300  64.520  555.600
343.0  199.750  6.620  0.210  200.110  199.390  6.622  202.200  65.020  555.600
350.0  199.740  6.310  0.200  200.300  199.170  6.316  202.000  65.530  555.600
357.0  199.810  6.080  0.190  200.020  199.610  6.081  201.800  66.040  555.600
364.0  199.530  6.030  0.190  199.760  199.290  6.031  201.500  66.550  555.600
371.0  199.020  5.980  0.190  199.610  198.420  5.987  201.300  67.050  555.600
378.0  198.530  5.960  0.190  199.580  197.480  5.983  201.100  67.560  555.600
385.0  197.250  5.880  0.180  198.780  195.700  5.930  200.900  67.580  555.600
392.0  195.590  5.500  0.170  196.890  194.310  5.538  200.800  67.580  555.600
399.0  194.180  5.170  0.160  194.760  193.630  5.178  200.600  67.580  555.600
406.0  192.910  4.920  0.160  192.960  192.860  4.920  200.500  67.570  555.600
413.0  191.940  4.620  0.140  192.000  191.880  4.620  200.400  67.570  555.600
420.0  191.180  4.660  0.140  192.600  189.740  4.715  200.600  67.570  555.600
427.0  190.310  4.580  0.140  193.270  187.250  4.821  200.900  67.560  555.600
434.0  190.180  4.750  0.140  194.110  186.090  5.156  201.200  67.560  555.600
441.0  190.050  4.850  0.140  194.770  185.260  5.401  201.600  67.560  555.600
448.0  188.730  4.930  0.140  194.470  182.680  5.744  202.000  67.550  555.600
455.0  187.930  7.390  0.210  194.590  180.860  8.148  202.500  67.550  555.600
462.0  188.310  5.330  0.150  194.880  181.400  6.306  202.900  67.550  555.600
469.0  188.380  5.660  0.160  195.440  181.240  6.681  203.400  67.540  555.600
476.0  188.650  5.920  0.170  195.970  181.060  6.996  203.800  67.540  555.600
483.0  189.440  5.880  0.160  197.110  181.890  7.004  204.200  67.540  555.600
490.0  190.230  5.750  0.160  197.840  182.920  6.854  204.700  67.540  555.600
497.0  190.260  5.680  0.160  197.720  183.150  6.748  205.100  67.530  555.600
504.0  190.060  5.740  0.160  197.250  183.300  6.716  205.600  67.530  555.600
511.0  189.860  5.680  0.160  196.360  183.580  6.517  206.000  67.530  555.600
518.0  189.750  5.280  0.150  194.670  184.700  5.839  206.400  67.520  555.600
525.0  189.920  4.680  0.140  193.400  185.900  5.042  206.600  67.520  555.600
532.0  189.740  4.680  0.140  193.410  185.530  5.078  206.800  67.520  555.600
539.0  189.810  4.660  0.140  193.460  185.910  5.028  206.900  67.510  555.600
546.0  189.480  4.850  0.150  193.760  185.290  5.292  207.100  67.510  555.600
553.0  189.110  5.370  0.170  192.700  185.020  5.703  207.200  67.510  555.600
560.0  187.270  8.420  0.270  190.690  182.770  8.650  207.300  67.500  555.600
567.0  187.220  5.640  0.180  190.590  183.230  5.933  207.500  67.500  555.600
574.0  187.090  5.540  0.190  191.970  182.710  6.004  207.600  67.500  555.600
581.0  186.820  7.680  0.270  192.600  182.210  8.107  207.700  67.490  555.600
588.0  186.000  8.050  0.300  192.080  181.520  8.472  207.900  67.490  555.600
595.0  184.610  5.450  0.200  188.380  181.430  5.720  208.000  67.490  555.600
602.0  185.010  5.220  0.210  189.140  182.030  5.514  208.100  67.480  555.600
609.0  185.010  5.510  0.260  188.910  180.700  5.880  208.300  67.480  555.600
616.0  185.070  5.100  0.250  188.050  181.360  5.367  208.400  67.480  555.600
623.0  186.010  4.720  0.260  189.260  181.840  5.071  208.500  67.470  555.600
630.0  187.000  4.220  0.240  190.480  184.010  4.519  208.700  67.470  555.600
637.0  187.130  4.100  0.270  189.140  185.470  4.201  208.800  67.470  555.600
644.0  187.900  4.750  0.370  191.520  186.910  4.888  208.900  67.470  555.600
651.0  185.410  5.480  0.430  188.820  184.650  5.578  209.100  67.460  555.600
658.0  186.580  5.430  0.570  187.860  186.190  5.446  209.200  67.460  555.600
665.0  188.640  5.060  0.670  193.320  186.680  5.325  209.300  67.460  555.600
672.0  185.770  5.100  0.600  196.950  181.510  6.396  209.500  67.450  555.600
679.0  179.560  5.890  0.690  175.720  180.660  6.018  209.600  67.450  555.600
