# r vrotvdisp verr vapp vrec  err   pa incl  vsys
#
40.0  168.250  23.700  4.000  145.810  198.490  27.113  177.100  74.570  708.200
45.0  178.450  24.900  3.430  152.590  212.920  29.112  175.400  74.000  708.200
50.0  187.560  25.800  3.100  157.330  223.260  30.616  174.000  71.500  708.200
55.0  187.890  26.900  3.090  158.480  231.110  32.455  173.900  68.990  708.200
60.0  178.990  22.800  2.730  161.420  229.280  28.419  173.900  66.490  708.200
65.0  180.740  20.300  2.320  168.570  241.890  27.351  173.300  64.860  708.200
70.0  188.990  15.700  1.710  179.510  236.590  21.216  172.600  64.010  708.200
75.0  203.380  13.000  1.220  193.320  224.460  15.153  171.400  63.160  708.200
80.0  207.060  10.000  0.900  200.310  219.970  11.143  170.200  62.300  708.200
85.0  204.320  10.100  0.810  198.320  213.000  10.746  169.200  61.450  708.200
90.0  200.850  10.100  0.830  195.020  206.060  10.470  168.200  60.820  708.200
95.0  203.500  7.790  0.680  199.810  205.760  7.931  167.700  60.420  708.200
100.0  204.880  6.640  0.580  208.270  203.700  6.738  167.600  60.020  708.200
105.0  205.470  6.290  0.540  209.890  204.260  6.446  168.500  59.620  708.200
110.0  204.020  6.040  0.500  210.410  202.580  6.349  169.500  59.220  708.200
115.0  204.280  5.330  0.440  208.430  203.170  5.490  170.300  58.720  708.200
120.0  203.290  4.760  0.400  205.150  202.740  4.798  171.200  58.220  708.200
125.0  200.000  5.140  0.440  204.640  198.510  5.364  172.000  57.720  708.200
130.0  195.010  6.130  0.510  194.400  195.200  6.133  172.900  57.450  708.200
135.0  194.230  6.000  0.510  192.590  194.790  6.025  173.800  57.450  708.200
140.0  194.510  5.070  0.430  196.840  193.850  5.125  174.700  57.450  708.200
145.0  189.960  4.920  0.400  194.220  188.500  5.124  175.700  57.450  708.200
150.0  187.590  5.920  0.490  191.600  185.330  6.124  176.800  57.450  708.200
155.0  188.490  5.400  0.490  189.200  188.060  5.408  177.900  57.450  708.200
160.0  188.780  4.440  0.420  189.010  188.690  4.441  179.100  57.450  708.200
165.0  188.250  5.820  0.660  181.990  188.790  6.063  180.100  57.450  708.200
