# r vrotvdisp verr vapp vrec  err   pa incl  vsys
#
6.0  23.770  5.200  1.460  19.870  27.920  5.576  200.700  71.280  662.700
12.0  42.300  5.320  1.090  35.580  48.350  6.204  202.100  71.280  662.700
18.0  56.240  5.410  0.900  48.680  63.510  6.558  203.500  71.280  662.700
24.0  67.490  5.880  0.860  60.250  75.180  6.965  204.900  71.280  662.700
30.0  76.420  6.280  0.810  68.680  84.520  7.424  206.400  71.270  662.700
36.0  84.690  5.300  0.620  79.310  90.040  5.940  207.800  71.270  662.700
42.0  91.770  4.800  0.530  86.390  97.080  5.494  209.200  71.270  662.700
48.0  99.190  4.330  0.440  94.780  103.600  4.859  210.600  71.270  662.700
54.0  106.330  4.040  0.390  103.450  109.420  4.307  211.500  71.270  662.700
60.0  113.520  3.930  0.360  111.710  115.300  4.031  212.300  71.270  662.700
66.0  121.480  4.540  0.400  119.400  123.480  4.653  213.100  71.270  662.700
72.0  128.580  5.260  0.440  124.520  132.600  5.635  213.900  71.270  662.700
78.0  133.930  6.020  0.490  128.150  139.570  6.663  214.600  71.270  662.700
84.0  138.200  6.420  0.490  131.330  144.980  7.271  215.000  71.270  662.700
90.0  140.400  6.160  0.460  133.950  147.520  7.032  215.400  71.270  662.700
96.0  142.380  5.050  0.360  137.940  146.990  5.534  215.800  71.270  662.700
102.0  142.830  3.910  0.270  142.400  143.250  3.916  216.200  71.270  662.700
108.0  142.910  4.230  0.290  146.120  139.790  4.516  216.500  71.260  662.700
114.0  143.220  5.370  0.350  149.080  137.510  6.099  216.900  71.260  662.700
120.0  144.510  5.880  0.380  151.530  137.710  6.820  217.300  71.260  662.700
126.0  145.990  5.750  0.360  152.730  139.240  6.666  217.600  71.260  662.700
132.0  147.070  5.300  0.320  153.330  140.870  6.148  217.800  71.260  662.700
138.0  148.390  4.450  0.260  153.470  143.370  5.116  218.100  71.260  662.700
144.0  149.920  3.490  0.200  153.170  146.560  3.861  218.300  71.260  662.700
150.0  151.140  3.070  0.170  152.890  149.400  3.192  218.600  71.260  662.700
156.0  152.000  3.260  0.190  152.530  151.480  3.271  218.700  71.260  662.700
162.0  152.640  3.610  0.200  152.040  153.270  3.623  218.900  71.260  662.700
168.0  153.390  3.770  0.210  151.870  154.920  3.846  219.100  71.260  662.700
174.0  154.520  3.810  0.200  152.330  156.690  3.963  218.900  71.260  662.700
180.0  155.680  3.580  0.190  153.960  157.450  3.685  218.800  71.220  662.700
186.0  156.940  3.280  0.170  155.980  157.880  3.314  218.600  71.170  662.700
192.0  157.800  3.220  0.160  157.840  157.760  3.220  218.200  71.130  662.700
198.0  158.520  3.210  0.160  159.590  157.460  3.254  217.800  71.090  662.700
204.0  158.670  3.210  0.160  159.620  157.730  3.245  217.300  71.050  662.700
210.0  158.040  3.210  0.160  158.500  157.590  3.218  216.900  71.010  662.700
216.0  156.560  3.390  0.160  156.380  156.740  3.391  216.700  70.970  662.700
222.0  155.150  3.860  0.180  154.510  155.780  3.873  216.500  70.920  662.700
228.0  153.040  4.810  0.220  151.590  154.510  4.865  216.300  70.880  662.700
234.0  151.080  5.280  0.240  149.970  152.160  5.308  216.100  70.840  662.700
240.0  150.000  5.170  0.230  150.590  149.410  5.178  216.200  70.800  662.700
246.0  150.110  4.910  0.220  152.330  147.940  5.031  216.400  70.760  662.700
252.0  150.230  4.600  0.200  153.070  147.480  4.808  216.600  70.720  662.700
258.0  150.270  4.310  0.190  152.960  147.620  4.512  216.800  70.680  662.700
264.0  150.330  4.130  0.180  152.900  147.760  4.325  216.900  70.630  662.700
270.0  150.490  4.070  0.170  153.190  147.860  4.283  216.900  70.590  662.700
276.0  150.670  3.970  0.170  153.350  148.030  4.187  216.800  70.550  662.700
282.0  151.290  4.080  0.170  154.050  148.500  4.309  216.700  70.510  662.700
288.0  152.000  4.050  0.170  154.890  149.090  4.302  216.600  70.470  662.700
294.0  152.780  3.900  0.160  155.850  149.660  4.196  216.500  70.430  662.700
300.0  152.990  3.820  0.150  156.440  149.540  4.191  216.400  70.380  662.700
306.0  153.090  3.860  0.150  156.940  149.230  4.314  216.300  70.340  662.700
312.0  152.850  3.720  0.150  156.440  149.130  4.145  216.100  70.300  662.700
318.0  151.560  3.410  0.130  154.390  148.780  3.687  216.000  70.260  662.700
324.0  150.880  3.150  0.120  152.300  149.450  3.230  215.800  70.220  662.700
330.0  150.670  3.020  0.120  150.800  150.550  3.021  215.700  70.180  662.700
336.0  150.260  3.290  0.120  149.710  150.810  3.301  215.800  70.140  662.700
342.0  149.770  3.590  0.130  148.810  150.730  3.622  215.800  70.090  662.700
348.0  149.500  3.570  0.130  148.260  150.700  3.622  215.900  70.100  662.700
354.0  149.660  3.370  0.120  148.300  151.020  3.438  215.900  70.230  662.700
360.0  149.990  3.240  0.120  148.480  151.470  3.325  216.000  70.370  662.700
366.0  150.090  3.080  0.110  148.450  151.750  3.189  216.000  70.500  662.700
372.0  149.940  3.070  0.110  147.960  151.930  3.226  216.100  70.640  662.700
378.0  149.540  3.100  0.110  147.340  151.700  3.286  216.000  70.770  662.700
384.0  149.110  3.260  0.120  146.730  151.520  3.473  215.900  70.910  662.700
390.0  148.610  3.440  0.120  146.100  151.170  3.666  215.900  71.040  662.700
396.0  148.170  3.630  0.130  145.610  150.800  3.855  215.800  71.170  662.700
402.0  148.340  3.710  0.130  145.520  151.100  3.964  215.700  71.310  662.700
408.0  148.190  3.710  0.130  145.500  150.890  3.947  215.600  71.440  662.700
414.0  147.860  3.980  0.140  144.940  150.710  4.233  215.500  71.580  662.700
420.0  146.840  4.030  0.140  144.390  149.260  4.210  215.500  71.710  662.700
426.0  146.450  4.370  0.150  144.340  148.560  4.496  215.400  71.850  662.700
432.0  146.110  4.430  0.150  143.850  148.400  4.574  215.300  71.980  662.700
438.0  145.450  4.760  0.160  143.800  147.150  4.833  215.100  72.120  662.700
444.0  145.350  4.810  0.170  143.870  146.820  4.866  215.000  72.250  662.700
450.0  145.170  4.600  0.160  143.330  146.910  4.686  214.800  72.380  662.700
456.0  145.170  4.440  0.150  143.610  146.580  4.502  214.700  72.520  662.700
462.0  145.210  4.570  0.160  144.050  146.280  4.604  214.500  72.650  662.700
468.0  145.060  4.450  0.160  143.500  146.370  4.507  214.400  72.790  662.700
474.0  145.790  4.400  0.160  144.690  146.640  4.427  214.300  72.920  662.700
480.0  146.550  4.290  0.160  146.030  146.910  4.296  214.100  73.060  662.700
486.0  146.800  4.230  0.160  146.570  146.960  4.231  214.000  73.190  662.700
492.0  146.950  4.520  0.170  146.930  146.950  4.520  213.900  73.330  662.700
498.0  146.830  4.670  0.180  146.280  147.170  4.675  213.900  73.460  662.700
504.0  147.120  4.800  0.180  146.530  147.490  4.806  213.900  73.590  662.700
510.0  147.950  5.270  0.200  148.690  147.460  5.279  213.900  73.730  662.700
516.0  148.650  5.200  0.200  149.900  147.830  5.226  213.900  73.860  662.700
522.0  149.040  4.750  0.180  149.600  148.630  4.756  213.900  73.920  662.700
528.0  149.070  4.390  0.180  147.970  150.000  4.419  213.900  73.920  662.700
534.0  147.880  4.230  0.170  146.050  149.490  4.317  213.900  73.920  662.700
540.0  147.540  3.970  0.170  145.820  149.570  4.079  213.900  73.920  662.700
546.0  147.480  3.580  0.150  146.530  148.670  3.620  213.900  73.910  662.700
552.0  147.740  3.630  0.150  147.450  148.150  3.634  213.900  73.910  662.700
558.0  148.880  3.510  0.150  148.750  149.070  3.511  213.900  73.910  662.700
564.0  149.710  3.380  0.150  150.680  148.490  3.424  213.900  73.900  662.700
