# r vrotvdisp verr vapp vrec  err   pa incl  vsys
#
138.0  242.240  7.300  0.950  242.860  241.410  7.309  329.200  60.400  -39.400
144.0  245.710  8.470  0.910  245.700  247.390  8.481  329.200  60.400  -39.400
150.0  245.280  10.300  1.300  244.920  249.730  10.370  329.200  60.400  -39.400
156.0  243.540  5.990  0.720  242.570  244.680  6.013  329.200  60.400  -39.400
162.0  241.910  2.820  0.550  241.740  241.240  2.823  329.200  60.400  -39.400
168.0  243.620  2.590  0.380  243.670  242.290  2.613  329.200  60.400  -39.400
174.0  246.850  2.960  0.430  246.460  251.510  3.218  329.200  60.410  -39.400
186.0  251.230  4.360  0.710  251.980  247.590  4.496  329.200  60.410  -39.400
192.0  250.980  5.070  0.790  252.360  249.470  5.121  329.200  60.410  -39.400
198.0  247.690  6.160  0.560  256.750  245.850  6.736  329.200  60.410  -39.400
204.0  245.640  5.960  0.370  256.080  243.350  6.756  329.200  60.410  -39.400
210.0  244.280  5.350  0.280  247.830  242.620  5.506  329.200  60.410  -39.400
216.0  242.850  4.620  0.240  244.570  242.100  4.661  329.200  60.410  -39.400
222.0  240.610  4.170  0.200  240.830  240.530  4.171  329.200  60.410  -39.400
228.0  239.120  3.490  0.150  239.440  238.860  3.493  329.200  60.410  -39.400
234.0  237.650  2.870  0.120  238.890  236.410  2.936  329.200  60.410  -39.400
240.0  235.750  2.660  0.110  237.210  233.950  2.782  329.200  60.410  -39.400
246.0  234.240  2.740  0.110  235.430  232.860  2.814  329.200  60.420  -39.400
252.0  233.540  2.820  0.110  234.580  232.270  2.879  329.200  60.420  -39.400
258.0  233.480  2.940  0.120  234.010  232.850  2.954  329.000  60.420  -39.400
264.0  233.270  3.320  0.130  233.430  232.780  3.324  329.000  60.420  -39.400
270.0  232.220  3.550  0.140  233.050  231.740  3.565  329.000  60.420  -39.400
276.0  231.660  3.430  0.130  232.110  231.160  3.438  329.100  60.420  -39.400
282.0  231.560  3.210  0.120  231.700  231.650  3.210  329.500  60.420  -39.400
288.0  231.800  3.200  0.120  231.290  232.740  3.220  329.900  60.420  -39.400
294.0  232.560  3.360  0.120  231.340  234.360  3.444  330.300  60.420  -39.400
300.0  233.630  3.660  0.130  232.240  235.720  3.762  331.000  60.420  -39.400
306.0  234.720  4.380  0.160  232.950  236.870  4.488  331.600  60.420  -39.400
312.0  235.680  3.580  0.130  233.800  237.550  3.701  331.800  60.420  -39.400
318.0  236.860  3.530  0.130  235.050  238.620  3.641  332.000  60.420  -39.400
324.0  238.010  5.000  0.180  236.460  239.450  5.056  332.200  60.430  -39.400
330.0  239.170  3.600  0.130  237.750  240.360  3.659  332.100  60.430  -39.400
336.0  239.750  3.690  0.130  238.320  240.970  3.749  332.100  60.430  -39.400
342.0  240.150  7.000  0.240  238.380  241.430  7.041  332.000  60.430  -39.400
348.0  240.510  7.000  0.240  239.320  241.780  7.027  331.700  60.430  -39.400
354.0  241.270  4.180  0.140  240.390  241.800  4.195  331.400  60.430  -39.400
360.0  241.880  4.590  0.150  241.940  241.450  4.592  331.100  60.430  -39.400
366.0  242.680  4.950  0.160  244.040  240.860  5.013  330.900  60.430  -39.400
372.0  243.560  5.490  0.180  246.470  240.530  5.687  330.700  60.430  -39.400
378.0  244.710  5.890  0.190  249.120  240.200  6.298  330.400  60.250  -39.400
384.0  247.950  6.120  0.190  253.580  242.220  6.747  330.200  58.400  -39.400
390.0  251.920  6.400  0.200  259.130  245.120  7.296  330.000  56.550  -39.400
396.0  257.060  6.260  0.190  264.190  250.060  7.188  329.700  54.710  -39.400
402.0  259.750  5.820  0.180  266.330  253.530  6.642  329.500  53.620  -39.400
408.0  259.600  5.680  0.180  265.270  254.070  6.333  329.300  53.730  -39.400
414.0  259.480  5.520  0.170  265.070  254.530  6.117  329.100  53.830  -39.400
420.0  259.110  5.370  0.170  263.720  254.940  5.801  328.900  53.940  -39.400
426.0  258.480  5.120  0.160  261.800  255.490  5.358  328.700  54.050  -39.400
432.0  258.060  4.890  0.150  260.080  256.210  4.985  328.500  54.160  -39.400
438.0  257.890  4.980  0.150  259.650  256.170  5.055  328.200  54.270  -39.400
444.0  257.050  5.110  0.150  258.450  255.600  5.159  328.000  54.380  -39.400
450.0  255.590  5.200  0.160  256.210  254.870  5.211  328.100  54.490  -39.400
456.0  253.560  5.280  0.160  253.250  253.590  5.281  328.100  54.600  -39.400
462.0  251.430  5.600  0.160  250.360  252.360  5.622  328.200  54.710  -39.400
468.0  249.530  5.950  0.170  248.210  250.990  5.990  328.200  54.820  -39.400
474.0  248.170  5.980  0.170  246.730  249.700  6.026  328.200  54.930  -39.400
480.0  246.850  5.850  0.170  245.520  248.410  5.894  328.300  55.040  -39.400
486.0  245.790  5.480  0.150  244.050  247.680  5.555  328.300  55.150  -39.400
492.0  244.500  7.930  0.220  242.220  247.000  8.020  328.400  55.250  -39.400
498.0  242.850  7.960  0.230  240.610  245.540  8.055  328.400  55.360  -39.400
504.0  241.690  4.910  0.140  239.380  244.540  5.077  328.500  55.470  -39.400
510.0  240.160  4.980  0.140  238.350  242.530  5.088  328.600  55.580  -39.400
516.0  239.050  5.190  0.150  237.460  241.390  5.282  328.700  55.690  -39.400
522.0  237.640  5.330  0.150  235.860  240.270  5.443  328.700  55.800  -39.400
528.0  236.240  5.560  0.160  234.600  238.500  5.645  328.800  55.910  -39.400
534.0  234.550  5.410  0.150  233.530  235.970  5.444  328.900  56.020  -39.400
540.0  232.940  7.000  0.200  232.790  232.730  7.000  329.000  56.130  -39.400
546.0  230.210  8.990  0.250  231.710  228.930  9.017  329.100  56.240  -39.400
552.0  228.580  6.300  0.180  230.390  226.360  6.380  329.200  56.350  -39.400
558.0  226.470  6.420  0.180  228.590  223.670  6.537  329.300  56.460  -39.400
564.0  224.320  7.710  0.210  227.160  221.650  7.832  329.300  56.570  -39.400
570.0  223.870  6.030  0.160  226.180  222.100  6.116  329.500  56.670  -39.400
576.0  223.080  5.570  0.150  225.250  221.050  5.668  329.600  56.800  -39.400
582.0  222.140  5.360  0.140  224.670  220.000  5.486  329.700  56.980  -39.400
588.0  221.570  5.400  0.150  224.190  219.550  5.523  329.800  57.160  -39.400
594.0  221.120  5.460  0.140  223.630  218.550  5.606  329.900  57.340  -39.400
600.0  220.360  6.310  0.170  223.200  217.120  6.490  330.000  57.520  -39.400
606.0  219.360  6.000  0.160  222.580  215.510  6.255  330.200  57.700  -39.400
612.0  218.030  6.310  0.170  221.710  213.460  6.639  330.300  57.880  -39.400
618.0  215.790  7.330  0.200  220.280  209.690  7.793  330.500  58.060  -39.400
624.0  214.310  6.620  0.180  218.900  208.080  7.151  330.700  58.240  -39.400
630.0  212.680  6.650  0.180  217.120  206.320  7.177  330.900  58.420  -39.400
636.0  211.020  6.790  0.190  215.450  203.970  7.372  331.000  58.610  -39.400
642.0  209.490  6.920  0.190  214.350  202.370  7.540  331.200  58.790  -39.400
648.0  208.000  6.880  0.190  213.190  201.000  7.525  331.400  58.970  -39.400
654.0  207.110  6.770  0.180  212.030  201.110  7.300  331.500  59.150  -39.400
660.0  206.760  6.560  0.180  210.450  201.730  6.913  331.600  59.330  -39.400
666.0  205.400  6.410  0.170  207.940  201.670  6.599  331.600  59.510  -39.400
672.0  203.560  6.240  0.170  204.600  201.960  6.275  331.700  59.690  -39.400
678.0  202.190  7.520  0.200  201.130  202.600  7.529  331.700  59.870  -39.400
684.0  201.300  7.380  0.190  199.320  203.350  7.448  331.700  60.050  -39.400
690.0  201.100  6.720  0.180  195.980  204.240  7.030  331.700  60.230  -39.400
696.0  200.660  9.320  0.250  193.170  205.380  9.807  331.700  60.410  -39.400
702.0  200.180  11.300  0.310  191.310  205.960  11.879  331.700  60.600  -39.400
708.0  200.320  11.100  0.310  190.610  206.380  11.779  331.700  60.780  -39.400
714.0  201.110  6.900  0.190  191.020  207.050  7.979  331.700  60.960  -39.400
720.0  200.280  12.400  0.360  189.650  207.850  13.208  331.700  61.140  -39.400
726.0  199.900  7.380  0.220  188.060  206.900  8.755  331.700  61.320  -39.400
732.0  198.510  8.650  0.270  187.640  207.780  10.009  331.700  61.500  -39.400
738.0  198.260  8.270  0.260  187.210  207.680  9.725  331.700  61.680  -39.400
744.0  198.640  8.260  0.270  186.780  207.520  9.753  331.700  61.860  -39.400
750.0  198.570  8.420  0.260  186.630  208.480  10.037  331.700  62.040  -39.400
756.0  198.810  8.050  0.250  186.400  208.530  9.768  331.700  62.100  -39.400
762.0  198.320  8.810  0.270  186.650  208.950  10.426  331.700  62.100  -39.400
768.0  198.520  10.600  0.320  185.710  209.610  12.168  331.700  62.110  -39.400
774.0  199.140  10.400  0.330  185.610  209.770  12.027  331.700  62.120  -39.400
780.0  199.040  12.300  0.390  184.180  209.080  13.786  331.700  62.120  -39.400
786.0  198.930  13.300  0.430  184.180  208.830  14.658  331.600  62.130  -39.400
792.0  198.320  14.100  0.470  182.300  206.450  15.338  331.600  62.140  -39.400
798.0  195.350  19.600  0.630  185.430  209.360  20.493  331.600  62.150  -39.400
804.0  197.600  13.000  0.420  184.780  208.200  14.258  331.600  62.150  -39.400
810.0  197.840  11.500  0.370  184.100  209.150  13.095  331.600  62.160  -39.400
816.0  196.390  14.200  0.450  183.850  208.760  15.506  331.600  62.170  -39.400
822.0  197.150  13.800  0.460  182.580  206.510  15.041  331.600  62.170  -39.400
828.0  197.430  10.800  0.380  182.800  206.020  12.261  331.600  62.180  -39.400
834.0  196.680  15.200  0.510  183.880  205.950  16.170  331.600  62.190  -39.400
840.0  196.840  13.800  0.470  183.530  207.080  15.003  331.600  62.200  -39.400
