# r vrotvdisp verr vapp vrec  err   pa incl  vsys
#
6.5  17.200  5.370  1.320  13.590  21.210  5.698  349.500  67.720  729.000
13.0  37.450  6.340  1.120  40.690  34.140  6.548  349.000  67.640  729.000
19.5  57.010  5.000  0.730  58.080  55.890  5.030  348.500  67.570  729.000
26.0  70.580  4.510  0.570  70.050  71.160  4.519  347.900  67.490  729.000
32.5  77.050  2.830  0.310  76.780  77.320  2.833  347.400  67.410  729.000
39.0  79.730  2.830  0.280  79.880  79.570  2.831  346.800  67.340  729.000
45.5  84.060  2.840  0.270  85.070  83.040  2.885  346.300  67.260  729.000
52.0  90.570  3.460  0.300  93.230  87.840  3.713  345.700  67.180  729.000
58.5  98.390  4.150  0.340  102.430  94.240  4.628  345.200  67.100  729.000
65.0  104.690  4.810  0.380  110.300  98.750  5.610  344.600  67.030  729.000
71.5  109.190  4.860  0.370  115.370  102.870  5.778  344.100  66.950  729.000
78.0  112.950  4.110  0.290  118.220  107.890  4.854  343.500  66.870  729.000
84.5  115.630  3.590  0.240  119.850  111.180  4.194  343.400  66.800  729.000
91.0  118.770  3.210  0.210  121.950  115.610  3.580  343.500  66.720  729.000
97.5  122.370  3.050  0.190  123.280  121.450  3.084  343.600  66.640  729.000
104.0  125.090  3.260  0.200  123.170  127.100  3.405  343.600  66.560  729.000
110.5  125.940  3.750  0.220  122.230  129.800  4.200  343.700  66.490  729.000
117.0  125.850  3.520  0.200  122.210  129.520  3.966  343.800  66.410  729.000
123.5  126.460  2.840  0.160  124.750  128.210  2.969  343.900  66.330  729.000
130.0  127.430  2.800  0.150  126.750  128.130  2.821  344.000  66.250  729.000
136.5  129.190  2.800  0.150  128.290  130.120  2.837  344.000  66.180  729.000
143.0  130.930  2.770  0.140  129.660  132.210  2.842  344.100  66.100  729.000
149.5  132.370  2.960  0.150  131.390  133.390  3.002  344.200  66.020  729.000
156.0  133.670  3.200  0.160  132.610  134.730  3.244  344.300  65.950  729.000
162.5  134.590  3.150  0.150  133.360  135.850  3.211  344.400  65.870  729.000
169.0  135.540  2.620  0.130  134.450  136.640  2.677  344.300  65.790  729.000
175.5  136.560  2.690  0.130  135.330  137.790  2.759  343.800  65.710  729.000
182.0  136.850  3.230  0.150  135.130  138.570  3.343  343.400  65.640  729.000
188.5  136.780  3.190  0.150  134.850  138.760  3.336  342.900  65.560  729.000
195.0  135.880  3.130  0.140  133.820  137.970  3.297  342.500  65.480  729.000
201.5  135.050  3.400  0.150  132.120  138.030  3.707  342.100  65.410  729.000
208.0  134.700  3.840  0.160  130.980  138.500  4.276  341.600  65.330  729.000
214.5  135.000  4.920  0.210  130.480  139.670  5.430  341.500  65.250  729.000
221.0  136.580  5.270  0.220  131.750  141.510  5.807  341.500  65.170  729.000
227.5  138.510  4.960  0.200  133.140  143.800  5.631  341.500  65.100  729.000
234.0  139.920  4.570  0.190  134.050  145.470  5.388  341.500  65.020  729.000
240.5  139.640  4.810  0.190  133.800  145.530  5.633  341.600  64.940  729.000
247.0  139.300  4.680  0.180  134.070  144.660  5.377  341.600  64.860  729.000
253.5  139.290  4.500  0.170  134.700  144.000  5.065  341.600  64.790  729.000
260.0  138.920  4.260  0.160  135.520  142.330  4.588  341.700  64.710  729.000
266.5  138.490  4.570  0.170  135.540  141.540  4.810  341.700  64.630  729.000
273.0  138.830  4.440  0.170  136.100  141.720  4.657  341.700  64.560  729.000
279.5  138.890  4.090  0.150  136.500  141.330  4.265  341.800  64.480  729.000
286.0  139.320  4.500  0.160  137.250  141.430  4.620  342.100  64.400  729.000
292.5  140.470  4.100  0.150  138.660  142.310  4.200  342.300  64.320  729.000
299.0  141.420  3.850  0.140  139.510  143.450  3.974  342.600  64.250  729.000
305.5  142.020  3.770  0.130  140.460  143.640  3.853  342.800  64.170  729.000
312.0  142.340  3.760  0.130  141.560  143.170  3.781  343.100  64.090  729.000
318.5  142.390  3.720  0.130  142.000  142.800  3.725  343.400  64.020  729.000
325.0  141.900  3.530  0.120  141.450  142.360  3.537  343.600  63.940  729.000
331.5  140.870  3.620  0.120  140.670  141.080  3.621  343.900  63.940  729.000
338.0  140.640  3.490  0.120  140.650  140.620  3.490  344.100  63.940  729.000
344.5  140.440  3.410  0.110  140.580  140.300  3.411  344.400  63.940  729.000
351.0  140.300  3.410  0.110  140.210  140.380  3.410  344.700  63.940  729.000
357.5  140.480  3.460  0.110  139.450  141.510  3.498  344.900  63.940  729.000
364.0  140.360  3.410  0.110  138.790  141.960  3.501  345.000  63.930  729.000
370.5  139.900  3.390  0.110  138.310  141.530  3.484  344.900  63.930  729.000
377.0  139.650  3.540  0.110  138.260  141.100  3.610  344.800  63.930  729.000
383.5  139.510  3.610  0.110  138.390  140.700  3.656  344.700  63.930  729.000
390.0  139.650  3.640  0.110  138.980  140.370  3.657  344.600  63.930  729.000
396.5  139.600  3.630  0.110  139.790  139.400  3.631  344.500  63.930  729.000
403.0  139.560  3.660  0.110  140.640  138.460  3.700  344.400  63.930  729.000
409.5  139.420  3.700  0.110  141.490  137.340  3.843  344.300  63.930  729.000
416.0  139.390  3.560  0.110  142.020  136.710  3.799  344.200  63.930  729.000
422.5  139.460  3.570  0.110  142.550  136.310  3.896  344.100  63.930  729.000
429.0  139.550  4.070  0.120  143.750  135.260  4.590  344.000  63.920  729.000
435.5  139.640  4.520  0.130  144.660  134.500  5.185  343.800  63.920  729.000
442.0  139.700  4.920  0.140  145.460  133.680  5.734  343.700  63.920  729.000
448.5  139.550  4.960  0.140  145.740  133.280  5.857  343.600  63.920  729.000
455.0  139.270  5.010  0.140  146.030  132.490  6.046  343.500  63.920  729.000
461.5  139.720  4.780  0.130  146.500  132.870  5.870  343.500  63.920  729.000
468.0  139.910  4.540  0.130  146.410  133.310  5.598  343.500  63.920  729.000
474.5  139.800  4.800  0.130  146.290  133.310  5.794  343.500  63.920  729.000
481.0  139.650  5.120  0.140  146.300  133.020  6.102  343.500  63.920  729.000
487.5  139.840  5.140  0.140  146.520  133.260  6.116  343.500  63.920  729.000
494.0  140.040  5.150  0.140  147.020  133.220  6.199  343.500  63.910  729.000
500.5  140.160  5.360  0.150  147.750  132.990  6.507  343.500  63.910  729.000
507.0  140.570  5.470  0.150  148.300  133.360  6.624  343.500  63.910  729.000
513.5  141.170  5.290  0.140  148.280  134.830  6.268  343.600  63.910  729.000
520.0  141.340  5.280  0.150  147.730  135.660  6.081  343.600  63.910  729.000
526.5  141.720  5.540  0.150  147.870  136.280  6.252  343.900  63.910  729.000
533.0  142.440  5.690  0.160  148.510  137.430  6.328  344.200  63.910  729.000
539.5  143.150  5.560  0.160  149.370  138.550  6.183  344.500  63.910  729.000
546.0  144.170  5.510  0.150  150.800  139.370  6.207  344.800  63.910  729.000
552.5  145.200  5.460  0.150  151.980  140.300  6.192  345.100  63.910  729.000
559.0  145.980  5.330  0.150  152.410  141.330  6.007  345.400  63.900  729.000
565.5  146.630  5.330  0.150  152.200  142.580  5.847  345.700  63.900  729.000
572.0  147.650  5.530  0.150  152.840  144.020  5.953  346.000  63.900  729.000
578.5  148.850  5.440  0.150  153.050  145.960  5.721  346.300  63.900  729.000
585.0  149.830  5.200  0.150  153.430  147.390  5.415  346.600  63.900  729.000
591.5  151.000  5.300  0.150  154.860  148.370  5.543  346.900  63.900  729.000
598.0  152.630  5.160  0.150  156.280  150.330  5.370  347.200  63.900  729.000
604.5  153.600  7.580  0.240  157.700  151.390  7.742  347.500  63.900  729.000
611.0  154.070  4.560  0.150  157.480  152.280  4.742  347.800  63.900  729.000
617.5  154.070  4.300  0.150  156.070  153.030  4.367  348.100  63.900  729.000
624.0  153.490  4.270  0.150  154.180  153.120  4.278  348.400  63.890  729.000
630.5  153.580  4.020  0.150  154.480  153.140  4.034  348.700  63.890  729.000
637.0  153.020  3.610  0.140  153.500  152.810  3.614  348.900  63.890  729.000
643.5  152.250  3.100  0.120  152.270  152.250  3.100  349.000  63.890  729.000
650.0  150.210  8.860  0.350  151.750  149.640  8.876  349.000  63.890  729.000
656.5  150.580  3.030  0.130  151.120  150.380  3.036  349.100  63.890  729.000
663.0  150.280  3.140  0.130  150.010  150.380  3.141  349.100  63.890  729.000
669.5  150.390  3.040  0.130  148.840  151.000  3.088  349.200  63.890  729.000
676.0  150.790  2.950  0.130  147.800  151.850  3.119  349.200  63.890  729.000
682.5  150.670  3.150  0.150  146.820  152.130  3.418  349.300  63.890  729.000
689.0  150.650  6.710  0.330  148.040  151.490  6.765  349.300  63.880  729.000
695.5  152.040  3.180  0.170  148.960  152.660  3.312  349.400  63.880  729.000
702.0  151.870  3.270  0.180  150.270  152.130  3.303  349.400  63.880  729.000
708.5  150.440  3.200  0.190  150.030  150.520  3.202  349.500  63.880  729.000
715.0  149.450  3.040  0.190  149.310  149.480  3.040  349.600  63.880  729.000
721.5  150.210  3.030  0.190  150.300  150.200  3.030  349.600  63.880  729.000
728.0  150.280  2.970  0.200  150.760  150.180  2.974  349.700  63.880  729.000
734.5  150.370  2.650  0.190  151.730  150.150  2.679  349.700  63.880  729.000
741.0  150.050  7.380  0.570  151.840  149.800  7.398  349.800  63.880  729.000
747.5  151.420  2.210  0.180  152.780  151.240  2.243  349.800  63.880  729.000
754.0  152.910  2.170  0.190  152.690  152.940  2.171  349.900  63.870  729.000
760.5  153.650  2.370  0.220  151.110  154.140  2.488  349.900  63.870  729.000
767.0  153.500  2.640  0.260  150.260  154.180  2.816  350.000  63.870  729.000
773.5  153.530  2.760  0.260  147.390  154.530  3.287  350.000  63.870  729.000
780.0  154.270  2.830  0.290  145.970  154.720  3.577  350.100  63.870  729.000
786.5  156.170  2.960  0.340  134.780  157.090  6.314  350.100  63.870  729.000
793.0  157.000  3.200  0.380  138.950  157.600  5.655  350.200  63.870  729.000
799.5  159.210  3.270  0.360  157.550  159.230  3.297  350.200  63.870  729.000
