# r vrotvdisp verr vapp vrec  err   pa incl  vsys
#
6.0  19.380  3.480  1.090  18.080  21.020  3.557  340.700  73.360  803.500
12.0  34.680  5.100  1.160  37.590  30.540  5.396  340.800  73.360  803.500
18.0  87.050  17.900  3.170  96.460  76.340  18.593  341.000  73.360  803.500
24.0  142.280  18.700  2.750  152.050  132.260  19.343  341.100  73.360  803.500
30.0  172.940  11.200  1.530  173.830  171.870  11.211  341.200  73.360  803.500
36.0  185.010  15.300  1.910  178.450  191.070  15.622  341.400  73.140  803.500
42.0  199.410  11.700  1.330  195.590  203.300  11.858  341.500  72.750  803.500
48.0  209.040  11.200  1.160  208.400  209.750  11.205  341.600  72.370  803.500
54.0  217.520  7.990  0.790  219.950  214.840  8.091  341.800  71.980  803.500
60.0  223.470  6.220  0.570  227.050  219.660  6.489  341.900  71.590  803.500
66.0  224.590  9.390  0.820  226.940  222.310  9.461  342.100  71.210  803.500
72.0  222.150  10.000  0.830  223.330  221.050  10.016  342.200  70.820  803.500
78.0  220.950  6.340  0.500  223.120  218.790  6.432  342.300  70.430  803.500
84.0  222.200  5.080  0.380  224.690  219.530  5.241  342.400  70.040  803.500
90.0  224.770  4.680  0.340  227.630  221.770  4.904  342.500  69.660  803.500
96.0  228.210  4.450  0.310  229.770  226.580  4.521  342.600  69.270  803.500
102.0  231.130  3.990  0.270  231.400  230.860  3.992  342.700  69.080  803.500
108.0  232.030  4.020  0.260  231.450  232.650  4.031  342.800  68.960  803.500
114.0  232.750  4.030  0.250  232.060  233.430  4.045  342.900  68.840  803.500
120.0  233.390  3.870  0.240  232.110  234.690  3.923  343.000  68.720  803.500
126.0  233.440  4.010  0.240  230.630  236.120  4.238  343.100  68.590  803.500
132.0  232.670  6.450  0.390  229.410  236.090  6.663  343.200  68.660  803.500
138.0  231.140  9.840  0.570  227.920  234.690  9.984  343.300  68.750  803.500
144.0  231.140  10.100  0.570  226.380  236.060  10.386  343.500  68.830  803.500
150.0  230.990  7.630  0.420  224.380  238.380  8.394  343.800  68.910  803.500
156.0  230.330  7.200  0.390  222.990  238.090  8.130  344.000  69.000  803.500
162.0  230.080  6.090  0.330  223.430  237.390  7.019  344.200  69.080  803.500
168.0  229.760  6.090  0.320  222.820  236.860  7.029  344.300  69.160  803.500
174.0  230.180  5.710  0.290  222.220  238.380  6.995  344.200  69.250  803.500
180.0  231.180  6.090  0.310  222.090  240.280  7.601  344.200  69.330  803.500
186.0  231.400  6.450  0.320  221.520  241.130  8.102  344.200  69.430  803.500
192.0  231.060  6.650  0.330  221.340  241.160  8.293  344.200  69.610  803.500
198.0  230.110  7.540  0.370  220.870  240.030  8.933  343.900  69.790  803.500
204.0  229.450  8.930  0.430  220.720  238.790  10.008  343.400  69.960  803.500
210.0  228.040  12.000  0.580  221.010  235.770  12.555  342.900  70.140  803.500
216.0  227.810  11.600  0.550  221.380  234.530  12.057  342.400  70.320  803.500
222.0  227.760  10.200  0.480  221.820  234.190  10.658  341.900  70.490  803.500
228.0  227.570  9.110  0.420  222.490  232.720  9.462  341.400  70.670  803.500
234.0  226.750  9.380  0.430  224.040  229.570  9.481  341.200  70.850  803.500
240.0  224.940  11.800  0.530  226.530  223.270  11.828  340.900  71.020  803.500
246.0  224.790  11.600  0.530  228.870  220.280  11.797  340.600  71.190  803.500
252.0  222.530  13.100  0.590  230.140  214.100  13.700  340.400  71.350  803.500
258.0  218.630  15.400  0.700  230.590  204.640  16.711  340.300  71.520  803.500
264.0  212.270  20.100  0.900  231.660  189.510  22.695  340.400  71.690  803.500
270.0  209.320  22.500  1.000  234.020  180.860  26.132  340.500  71.860  803.500
276.0  209.180  24.200  1.060  237.700  177.300  28.525  340.600  72.030  803.500
282.0  206.570  26.600  1.140  241.090  171.370  31.802  340.500  72.190  803.500
288.0  210.710  25.200  1.060  244.510  177.430  30.270  340.300  72.360  803.500
294.0  213.430  25.300  1.060  247.820  178.490  30.668  340.000  72.530  803.500
300.0  214.920  24.600  1.020  250.060  180.410  30.139  339.800  72.700  803.500
306.0  217.500  23.400  0.980  250.910  184.160  28.741  339.500  72.870  803.500
312.0  218.830  23.000  0.950  249.980  186.030  28.011  339.300  73.040  803.500
318.0  216.520  24.000  0.990  247.680  185.780  28.557  339.100  73.220  803.500
324.0  215.200  24.500  1.010  246.440  184.560  28.975  338.900  73.390  803.500
330.0  215.920  23.300  0.950  247.190  184.760  28.044  338.700  73.570  803.500
336.0  215.240  22.000  0.890  246.390  184.760  26.859  338.500  73.740  803.500
342.0  214.110  21.800  0.880  244.820  184.610  26.492  338.200  73.920  803.500
348.0  214.270  22.300  0.910  244.360  183.700  26.968  337.900  74.100  803.500
354.0  213.410  22.700  0.920  243.350  183.300  27.215  337.600  74.270  803.500
360.0  213.980  22.400  0.910  242.600  183.860  26.784  337.200  74.450  803.500
366.0  213.600  22.600  0.920  241.050  184.310  26.683  337.100  74.620  803.500
372.0  213.920  22.300  0.910  240.880  184.890  26.329  337.000  74.800  803.500
378.0  214.380  21.900  0.910  240.120  186.620  25.661  336.800  74.790  803.500
384.0  214.370  22.500  0.910  239.780  185.580  26.265  336.700  74.540  803.500
390.0  212.670  23.200  0.940  239.090  184.310  26.941  337.000  74.290  803.500
396.0  210.810  24.500  0.980  238.130  181.990  28.235  337.300  74.040  803.500
402.0  208.810  24.800  1.030  238.690  180.580  28.742  337.500  73.790  803.500
408.0  201.590  24.400  1.100  236.680  179.140  28.325  337.800  73.540  803.500
414.0  193.320  21.900  1.050  227.760  178.810  25.087  337.900  73.290  803.500
420.0  189.260  21.100  0.990  213.530  178.470  22.848  338.100  73.320  803.500
426.0  188.130  21.000  0.990  208.440  179.420  22.218  338.300  73.350  803.500
432.0  187.960  21.100  0.940  204.210  179.400  21.993  338.400  73.390  803.500
438.0  188.500  21.700  0.980  205.880  180.160  22.633  338.500  73.420  803.500
444.0  183.110  20.900  0.920  185.540  181.640  20.923  338.600  73.450  803.500
450.0  186.530  21.300  0.930  192.290  182.870  21.430  338.600  73.490  803.500
456.0  185.970  19.700  0.880  190.430  183.150  19.784  338.600  73.610  803.500
462.0  184.150  19.300  0.860  183.560  184.520  19.301  338.700  73.800  803.500
468.0  184.430  19.500  0.940  179.750  186.760  19.579  338.700  73.980  803.500
474.0  187.160  18.800  0.980  186.160  187.550  18.803  338.500  74.170  803.500
480.0  184.470  19.500  1.070  174.860  188.470  19.795  338.400  74.360  803.500
486.0  182.470  18.200  1.010  162.160  190.050  19.490  338.200  74.550  803.500
492.0  185.210  17.700  0.940  176.980  190.030  17.998  338.100  74.730  803.500
498.0  188.580  17.400  0.910  185.450  190.520  17.446  337.900  74.910  803.500
504.0  189.760  17.500  0.910  187.830  191.140  17.520  337.800  75.050  803.500
510.0  191.070  17.100  0.890  189.550  192.140  17.112  337.600  75.180  803.500
516.0  193.420  16.700  0.910  189.980  195.970  16.767  337.500  75.310  803.500
522.0  190.200  17.500  1.020  180.880  197.760  18.002  337.300  75.440  803.500
528.0  187.590  17.200  1.000  176.440  198.100  18.032  337.100  75.580  803.500
534.0  188.350  16.600  0.960  176.880  199.400  17.529  337.000  75.710  803.500
540.0  190.410  16.200  0.950  179.940  200.130  16.968  336.800  75.840  803.500
546.0  193.170  16.100  0.970  184.920  200.690  16.576  336.700  75.970  803.500
552.0  195.300  16.200  0.990  187.040  202.180  16.636  336.500  76.100  803.500
558.0  193.360  17.200  1.110  185.000  199.930  17.600  336.400  76.240  803.500
564.0  196.810  16.400  1.150  187.620  203.840  16.894  336.200  76.370  803.500
570.0  200.220  15.900  1.120  190.230  207.610  16.483  336.000  76.500  803.500
576.0  198.610  15.600  1.040  190.050  205.920  16.097  335.900  76.630  803.500
582.0  199.690  15.600  1.050  191.280  208.100  16.157  335.700  76.760  803.500
588.0  200.460  15.900  1.110  189.940  210.790  16.733  335.600  76.900  803.500
594.0  201.780  15.900  1.090  193.000  212.780  16.651  335.400  77.030  803.500
600.0  203.240  15.400  1.000  194.270  215.720  16.307  335.400  77.030  803.500
