# r vrotvdisp verr vapp vrec  err   pa incl  vsys
#
20.0  197.700  10.100  2.290  206.760  185.510  11.412  293.200  35.250  306.900
25.0  194.140  10.300  1.760  199.300  188.780  10.630  293.100  35.400  306.900
30.0  194.100  5.720  0.850  187.820  200.730  6.568  293.800  35.550  306.900
35.0  191.260  4.650  0.610  186.270  196.460  5.302  294.500  35.710  306.900
40.0  188.920  3.410  0.430  188.990  188.850  3.410  295.600  35.860  306.900
45.0  193.980  3.430  0.400  197.330  190.420  3.840  296.700  36.010  306.900
50.0  197.910  3.820  0.430  200.700  195.040  4.074  297.900  36.170  306.900
55.0  198.290  4.610  0.490  195.840  200.810  4.775  299.300  36.320  306.900
60.0  197.310  5.300  0.540  189.280  205.940  6.741  300.800  36.470  306.900
65.0  194.250  5.840  0.570  183.850  205.740  8.003  302.300  36.630  306.900
70.0  188.570  6.230  0.590  178.320  199.790  8.223  303.500  36.780  306.900
75.0  184.420  6.160  0.560  174.730  194.970  7.972  304.500  36.930  306.900
80.0  180.020  6.470  0.570  169.820  190.870  8.340  305.600  37.080  306.900
85.0  173.110  6.600  0.560  165.830  181.320  7.652  306.700  37.240  306.900
90.0  167.040  4.220  0.360  163.610  171.600  4.669  307.700  37.390  306.900
95.0  162.400  3.480  0.300  160.250  165.560  3.725  308.300  37.540  306.900
100.0  158.080  3.380  0.280  155.740  161.020  3.629  308.900  37.700  306.900
105.0  159.730  3.780  0.300  155.010  165.390  4.585  309.600  37.850  306.900
110.0  161.710  5.220  0.390  152.160  171.300  7.081  310.100  38.000  306.900
115.0  164.440  6.380  0.460  150.340  177.620  9.339  309.400  38.150  306.900
120.0  166.130  6.290  0.440  151.330  179.460  9.435  308.600  38.310  306.900
125.0  167.430  5.510  0.390  154.940  178.760  8.113  307.900  38.460  306.900
130.0  169.920  5.250  0.370  159.390  180.350  7.418  307.100  38.610  306.900
135.0  172.050  4.780  0.360  164.960  179.720  6.039  306.300  38.770  306.900
140.0  173.310  4.860  0.380  167.180  179.650  5.774  305.500  38.920  306.900
145.0  172.930  5.390  0.430  165.330  180.170  6.543  304.700  39.070  306.900
150.0  171.050  4.510  0.360  165.050  176.370  5.324  303.900  39.230  306.900
155.0  169.590  4.320  0.330  164.410  173.690  4.904  303.100  39.380  306.900
160.0  168.050  4.150  0.320  162.390  172.280  4.831  302.200  39.530  306.900
165.0  164.410  4.660  0.360  157.200  168.990  5.514  301.200  39.680  306.900
170.0  160.890  5.160  0.390  153.440  164.950  5.908  300.200  39.840  306.900
175.0  158.550  4.680  0.370  155.920  160.440  4.814  299.300  39.990  306.900
180.0  154.830  3.870  0.320  154.320  155.370  3.879  298.300  40.140  306.900
185.0  152.680  4.360  0.430  152.880  152.360  4.362  297.300  40.300  306.900
190.0  153.980  4.900  0.610  153.760  154.440  4.903  296.700  40.450  306.900
195.0  156.340  5.330  0.770  156.070  156.650  5.332  296.000  40.600  306.900
200.0  157.030  4.990  0.620  157.420  156.730  4.993  295.300  40.750  306.900
205.0  157.990  5.240  0.590  160.500  157.200  5.305  294.600  40.910  306.900
210.0  160.690  4.570  0.560  167.190  159.940  4.916  294.000  41.060  306.900
215.0  157.580  4.940  0.560  148.040  158.750  5.619  293.300  41.210  306.900
220.0  153.190  6.420  0.690  150.610  153.580  6.463  292.800  41.370  306.900
225.0  150.320  5.610  0.540  155.260  149.270  5.806  292.400  41.520  306.900
230.0  153.140  5.560  0.510  166.870  149.730  7.020  291.900  41.670  306.900
235.0  156.140  6.110  0.530  169.360  150.400  7.733  291.500  41.830  306.900
240.0  156.640  6.850  0.630  170.580  149.900  8.582  291.000  41.980  306.900
245.0  155.630  6.730  0.610  170.270  149.550  8.493  290.600  42.130  306.900
250.0  150.460  6.890  0.570  165.220  144.440  8.629  290.100  42.280  306.900
255.0  147.380  6.150  0.470  161.980  143.000  7.768  289.500  42.440  306.900
260.0  148.050  6.600  0.480  162.130  143.720  8.046  288.900  42.590  306.900
265.0  146.610  7.190  0.490  170.520  141.420  10.228  288.400  42.740  306.900
270.0  143.820  5.830  0.390  158.540  140.560  7.362  288.500  42.900  306.900
275.0  141.060  6.300  0.400  156.760  137.140  7.984  288.700  43.050  306.900
280.0  138.640  5.910  0.370  155.980  134.730  7.947  288.900  43.200  306.900
285.0  137.680  5.580  0.350  149.800  134.600  6.751  289.200  43.350  306.900
290.0  137.580  5.490  0.330  148.860  134.780  6.522  289.400  43.510  306.900
295.0  137.270  5.040  0.290  144.680  135.090  5.581  289.500  43.660  306.900
300.0  135.290  4.380  0.250  141.780  133.630  4.831  289.100  43.810  306.900
305.0  133.120  3.890  0.220  136.210  132.450  4.002  288.800  43.970  306.900
310.0  133.600  4.580  0.250  141.020  131.850  5.122  288.400  44.120  306.900
315.0  133.820  5.000  0.280  141.700  131.490  5.614  288.100  44.270  306.900
320.0  132.370  4.530  0.280  139.400  130.940  4.999  288.200  44.430  306.900
325.0  131.250  4.650  0.310  134.820  130.800  4.757  288.300  44.580  306.900
330.0  129.970  4.960  0.340  134.990  129.200  5.167  288.300  44.730  306.900
335.0  129.180  4.690  0.320  133.910  127.900  4.925  288.400  44.880  306.900
340.0  128.280  4.490  0.300  131.640  126.950  4.641  288.500  45.040  306.900
345.0  126.020  4.150  0.300  126.340  125.890  4.152  288.500  45.190  306.900
350.0  125.000  4.800  0.370  126.700  124.200  4.841  289.000  45.340  306.900
355.0  123.460  4.710  0.380  126.370  121.890  4.841  289.500  45.500  306.900
360.0  122.770  4.800  0.370  125.060  120.940  4.909  290.000  45.650  306.900
365.0  121.950  4.870  0.360  122.890  121.070  4.891  290.500  45.800  306.900
370.0  121.090  4.290  0.360  121.280  120.920  4.291  291.100  45.950  306.900
375.0  120.910  4.370  0.390  121.580  120.240  4.383  291.800  46.110  306.900
380.0  120.360  4.480  0.460  121.600  118.380  4.552  292.400  46.260  306.900
385.0  121.550  4.660  0.510  120.690  124.280  4.746  293.100  46.410  306.900
390.0  119.530  4.290  0.490  118.890  125.750  4.620  293.800  46.570  306.900
395.0  119.390  4.570  0.470  118.900  130.050  5.353  294.500  46.720  306.900
400.0  118.390  5.320  0.510  118.190  125.160  5.598  295.200  46.870  306.900
405.0  117.880  5.310  0.470  117.820  128.490  5.942  295.700  47.030  306.900
410.0  116.790  4.890  0.420  116.750  142.130  8.011  296.300  47.180  306.900
415.0  117.140  4.210  0.350  117.150  113.840  4.291  296.900  47.330  306.900
420.0  116.450  4.090  0.330  116.500  103.750  5.185  297.500  47.480  306.900
425.0  115.440  4.160  0.350  115.450  106.760  4.693  298.000  47.480  306.900
