# r vrotvdisp verr vapp vrec  err   pa incl  vsys
#
5.0  -138.800  8.660  3.290  -134.800  -143.540  8.931  114.800  55.030  407.400
10.0  -169.430  9.090  2.120  -173.950  -164.130  9.416  114.400  55.020  407.400
15.0  -177.880  9.160  1.700  -182.610  -174.000  9.410  114.000  55.000  407.400
20.0  -179.020  6.090  0.910  -181.030  -176.900  6.177  113.600  54.990  407.400
25.0  -179.560  6.140  0.840  -180.780  -178.460  6.167  113.200  54.980  407.400
30.0  -176.740  6.560  0.850  -173.890  -180.120  6.742  112.900  54.960  407.400
35.0  -174.230  5.710  0.760  -171.860  -178.820  5.969  112.500  54.950  407.400
40.0  -177.680  5.350  0.820  -175.880  -194.770  7.136  112.100  54.940  407.400
45.0  -183.980  4.050  0.600  -183.630  -206.140  6.933  111.700  54.920  407.400
50.0  -189.090  4.710  1.240  -189.040  -294.440  26.768  111.400  54.910  407.400
130.0  132.930  9.180  3.950  122.030  135.840  9.808  111.500  54.690  407.400
135.0  122.330  9.270  3.910  95.640  146.450  15.725  111.500  54.670  407.400
145.0  123.480  9.910  2.590  104.440  128.260  11.562  111.600  54.650  407.400
155.0  125.940  9.010  2.880  118.920  134.910  9.857  111.700  54.620  407.400
165.0  159.990  17.600  4.230  164.620  135.860  19.012  111.800  54.590  407.400
170.0  162.370  14.300  2.920  165.040  137.380  15.884  111.900  60.380  407.400
175.0  164.950  11.100  2.340  165.530  156.880  11.309  112.000  66.180  407.400
180.0  158.470  15.300  3.120  160.220  145.220  15.753  112.100  71.970  407.400
185.0  154.320  17.200  2.840  154.980  149.890  17.247  112.200  71.860  407.400
190.0  154.390  10.700  1.850  153.730  162.450  10.920  112.300  71.760  407.400
195.0  153.770  9.440  1.600  151.390  176.300  11.309  112.300  71.650  407.400
200.0  158.000  10.300  1.880  156.470  172.950  11.093  112.400  71.550  407.400
205.0  155.120  9.440  2.040  155.190  150.600  9.509  112.500  71.440  407.400
210.0  149.310  6.990  1.850  149.140  158.870  7.401  112.600  71.340  407.400
215.0  150.580  7.850  2.380  150.430  157.320  8.037  112.700  71.240  407.400
220.0  143.550  5.710  2.520  143.360  145.100  5.727  112.800  71.130  407.400
230.0  128.390  8.020  4.300  114.210  145.860  11.266  113.200  70.920  407.400
235.0  142.190  11.700  3.900  114.830  155.270  15.463  113.600  70.820  407.400
240.0  127.920  7.020  3.530  121.160  135.730  7.909  114.000  70.720  407.400
245.0  132.420  3.070  2.780  131.780  133.640  3.105  114.400  70.610  407.400
250.0  139.380  7.180  3.710  126.180  147.240  8.904  114.800  70.510  407.400
255.0  128.080  8.180  2.550  115.850  132.040  9.127  115.200  70.400  407.400
260.0  156.760  10.000  3.660  117.770  165.330  15.536  115.600  70.300  407.400
265.0  164.310  8.590  3.580  176.330  160.580  9.449  116.000  70.190  407.400
270.0  157.550  15.200  5.360  132.700  166.960  17.447  116.500  70.090  407.400
275.0  162.850  5.330  3.180  147.530  177.750  9.246  116.900  69.990  407.400
280.0  130.340  9.210  4.030  111.440  150.780  13.474  117.400  69.880  407.400
290.0  154.460  3.810  2.710  157.620  151.500  4.106  118.300  69.670  407.400
295.0  180.240  14.300  9.430  189.730  163.730  15.708  118.800  69.570  407.400
325.0  164.480  10.200  2.830  164.480  164.540  10.200  121.100  68.950  407.400
335.0  171.310  2.870  0.450  171.550  165.210  3.279  121.700  68.740  407.400
355.0  152.240  15.400  4.880  153.790  148.930  15.448  123.000  68.320  407.400
360.0  147.110  19.900  6.060  144.130  205.960  25.198  123.300  68.220  407.400
365.0  143.220  21.700  9.000  141.450  150.540  21.819  123.600  68.110  407.400
370.0  137.870  20.900  6.650  145.100  127.150  21.376  123.900  68.010  407.400
375.0  142.610  9.410  3.120  148.760  137.050  9.855  124.300  67.900  407.400
380.0  148.150  6.930  1.330  148.560  146.870  6.943  124.500  67.800  407.400
385.0  150.490  6.160  0.910  149.560  152.660  6.209  124.600  67.700  407.400
390.0  148.080  5.550  1.230  147.690  156.730  5.993  124.800  67.590  407.400
395.0  153.730  12.500  2.480  160.140  135.460  13.940  124.900  67.490  407.400
400.0  145.930  12.800  2.450  149.070  128.900  13.757  125.100  67.380  407.400
405.0  144.820  10.000  1.460  145.860  134.240  10.413  125.300  67.280  407.400
410.0  149.270  11.900  1.910  148.490  180.780  14.380  125.400  67.170  407.400
415.0  150.170  10.900  2.130  144.620  168.770  12.460  125.600  67.070  407.400
420.0  153.370  25.800  3.370  145.650  165.040  26.251  125.700  66.970  407.400
425.0  160.570  7.850  1.070  158.100  165.490  8.064  125.900  66.860  407.400
430.0  156.880  8.710  1.150  153.110  166.860  9.364  126.000  66.760  407.400
435.0  153.430  6.250  0.850  153.640  151.440  6.274  126.200  66.650  407.400
440.0  152.690  6.010  0.780  154.830  147.390  6.291  126.300  66.550  407.400
445.0  154.340  9.660  1.070  152.920  155.860  9.688  126.500  66.450  407.400
450.0  157.460  10.200  1.230  151.570  160.610  10.447  126.600  66.340  407.400
455.0  157.400  7.540  1.070  155.450  160.050  7.627  126.800  66.240  407.400
460.0  157.830  6.640  0.960  156.970  159.840  6.679  126.900  66.130  407.400
465.0  155.730  8.330  1.310  156.220  154.720  8.338  127.100  66.030  407.400
470.0  155.310  11.200  1.730  152.940  159.940  11.336  127.200  65.920  407.400
475.0  159.110  5.770  0.880  160.890  157.360  5.837  127.300  65.820  407.400
480.0  158.800  5.540  0.800  160.100  156.970  5.595  127.400  65.720  407.400
485.0  158.950  4.820  0.550  161.350  157.530  4.914  127.500  65.610  407.400
490.0  160.900  4.250  0.430  161.530  160.710  4.255  127.600  65.510  407.400
495.0  161.410  4.490  0.500  161.620  161.380  4.490  127.700  65.400  407.400
500.0  160.370  5.120  0.540  157.810  160.580  5.167  127.800  65.300  407.400
505.0  161.400  6.050  0.560  157.510  161.850  6.147  128.000  65.200  407.400
510.0  162.010  6.710  0.650  165.020  161.520  6.767  128.100  65.090  407.400
515.0  158.760  21.900  2.040  151.130  160.170  22.016  128.200  64.990  407.400
520.0  159.800  4.650  0.460  162.000  159.430  4.694  128.300  64.880  407.400
525.0  160.860  5.540  0.540  163.360  160.630  5.582  128.400  64.780  407.400
530.0  161.240  6.970  0.620  166.140  160.890  7.092  128.500  64.670  407.400
535.0  159.610  5.400  0.460  163.570  159.510  5.495  128.600  64.570  407.400
545.0  158.270  6.930  0.550  150.780  158.450  7.190  128.800  64.360  407.400
550.0  159.320  6.410  0.500  148.790  159.540  6.951  128.800  64.260  407.400
555.0  158.750  5.350  0.390  145.170  158.910  6.358  128.800  64.150  407.400
560.0  157.840  19.900  1.420  159.110  157.820  19.903  128.800  64.050  407.400
565.0  158.820  4.220  0.330  156.680  158.860  4.255  128.800  63.950  407.400
570.0  159.120  4.330  0.350  157.860  159.140  4.342  128.800  63.840  407.400
575.0  158.650  5.730  0.520  173.290  158.580  6.809  128.800  63.740  407.400
580.0  155.140  5.970  0.570  189.710  154.950  10.543  128.800  63.630  407.400
590.0  157.260  4.560  0.470  166.860  157.240  5.155  128.700  63.430  407.400
600.0  155.600  4.940  0.470  136.530  155.950  6.926  128.700  63.220  407.400
605.0  154.950  4.890  0.590  145.460  155.240  5.467  128.700  63.110  407.400
