# r vrotvdisp verr vapp vrec  err   pa incl  vsys
#
5.0  60.640  35.700  18.620  82.460  -124.110  62.781  98.060  62.440  496.800
10.0  124.560  10.200  2.930  106.280  133.960  12.326  98.180  62.490  496.800
15.0  148.990  7.510  1.360  150.530  147.650  7.544  98.290  62.530  496.800
20.0  161.130  6.310  1.020  165.700  157.030  6.672  98.410  62.570  496.800
25.0  166.150  5.780  0.830  171.830  161.180  6.364  98.520  62.610  496.800
30.0  174.460  4.680  0.600  179.380  169.880  5.248  98.640  62.650  496.800
35.0  180.040  3.730  0.440  182.690  177.390  3.958  98.750  62.690  496.800
40.0  183.750  4.130  0.460  186.600  180.920  4.367  98.870  62.730  496.800
45.0  190.100  4.230  0.430  193.420  187.070  4.518  98.980  62.770  496.800
50.0  195.520  4.120  0.400  197.330  193.680  4.220  99.100  62.810  496.800
55.0  199.950  4.150  0.390  200.200  199.680  4.152  99.210  62.850  496.800
60.0  204.120  3.780  0.340  203.180  204.990  3.807  99.330  62.890  496.800
65.0  206.540  3.820  0.330  205.330  207.730  3.867  99.440  62.930  496.800
70.0  206.700  4.290  0.360  205.370  208.070  4.343  99.560  62.970  496.800
75.0  203.290  4.420  0.360  201.490  205.070  4.510  99.310  63.020  496.800
80.0  199.030  4.150  0.320  196.670  201.360  4.312  99.060  63.070  496.800
85.0  196.190  3.900  0.290  194.300  198.090  4.013  98.820  63.130  496.800
90.0  194.650  3.750  0.280  194.190  195.100  3.757  98.570  63.180  496.800
95.0  194.560  3.650  0.260  194.570  194.560  3.650  98.330  63.240  496.800
100.0  196.290  3.490  0.240  196.080  196.500  3.492  98.080  63.290  496.800
105.0  199.020  3.300  0.220  198.830  199.210  3.301  97.830  63.350  496.800
110.0  202.040  2.740  0.180  202.180  201.890  2.741  97.590  63.400  496.800
115.0  204.260  2.680  0.170  204.890  203.630  2.698  97.880  63.460  496.800
120.0  205.490  2.760  0.180  206.320  204.680  2.790  98.220  63.510  496.800
125.0  206.750  3.130  0.190  208.060  205.500  3.195  98.570  63.570  496.800
130.0  207.810  3.180  0.190  209.020  206.650  3.235  98.910  63.630  496.800
135.0  207.570  3.690  0.220  208.190  206.940  3.703  98.950  63.680  496.800
140.0  207.150  4.210  0.250  207.050  207.260  4.210  98.920  63.740  496.800
145.0  207.620  4.300  0.250  207.010  208.230  4.311  98.880  63.790  496.800
150.0  207.380  4.240  0.240  206.880  207.870  4.247  98.830  63.850  496.800
155.0  207.740  4.000  0.220  207.460  208.020  4.002  98.790  63.900  496.800
160.0  208.320  3.950  0.220  208.610  208.040  3.953  98.750  63.960  496.800
165.0  208.590  4.100  0.220  209.330  207.860  4.116  98.860  64.010  496.800
170.0  209.140  3.970  0.210  210.090  208.190  3.998  99.040  64.090  496.800
175.0  209.430  4.020  0.210  210.630  208.250  4.064  99.280  64.180  496.800
180.0  209.040  4.090  0.210  210.070  208.040  4.121  99.530  64.260  496.800
185.0  208.970  3.680  0.190  209.980  207.980  3.714  99.780  64.350  496.800
190.0  208.600  3.630  0.180  209.940  207.280  3.690  100.000  64.440  496.800
195.0  208.190  3.590  0.180  208.950  207.430  3.610  100.300  64.530  496.800
200.0  208.170  3.450  0.170  208.070  208.270  3.450  100.500  64.620  496.800
205.0  208.330  3.280  0.160  207.130  209.490  3.333  100.800  64.710  496.800
210.0  208.670  3.700  0.180  206.170  211.100  3.900  101.000  64.780  496.800
215.0  208.960  4.490  0.210  205.010  212.770  4.891  101.300  64.780  496.800
220.0  209.380  5.530  0.260  203.790  214.960  6.195  101.600  64.780  496.800
225.0  210.150  5.700  0.270  203.470  216.590  6.576  101.900  64.780  496.800
230.0  210.130  6.300  0.290  202.370  217.740  7.379  102.200  64.780  496.800
235.0  210.090  6.900  0.320  200.780  218.870  8.250  102.500  64.780  496.800
240.0  210.480  7.120  0.320  200.650  220.140  8.628  102.800  64.780  496.800
245.0  211.280  7.590  0.340  200.330  222.250  9.362  103.000  64.780  496.800
250.0  211.640  8.060  0.360  199.580  223.610  10.053  103.200  64.780  496.800
255.0  211.540  8.250  0.360  199.170  223.820  10.298  103.400  64.780  496.800
260.0  211.510  8.260  0.360  199.170  223.190  10.212  103.300  64.780  496.800
265.0  210.810  7.770  0.330  199.650  221.670  9.522  103.300  64.840  496.800
270.0  210.180  7.680  0.330  199.450  220.620  9.327  103.000  65.050  496.800
275.0  209.370  7.920  0.340  198.620  219.590  9.498  102.700  65.260  496.800
280.0  208.340  7.800  0.330  198.600  218.350  9.231  102.400  65.470  496.800
285.0  208.930  7.850  0.330  199.170  218.510  9.220  102.000  65.720  496.800
290.0  209.410  7.830  0.330  200.020  218.860  9.137  101.700  66.120  496.800
295.0  209.600  7.880  0.330  200.370  219.170  9.175  101.400  66.510  496.800
300.0  209.250  8.040  0.340  201.280  217.820  9.041  101.200  66.900  496.800
305.0  209.000  7.960  0.340  201.980  216.990  8.800  101.100  67.300  496.800
310.0  209.470  10.300  0.440  202.600  217.560  10.958  100.900  67.690  496.800
315.0  207.450  8.500  0.380  202.020  214.380  9.044  100.800  68.080  496.800
320.0  205.260  8.290  0.370  201.780  210.450  8.569  100.600  68.480  496.800
325.0  204.840  8.890  0.390  201.150  209.640  9.140  100.500  68.730  496.800
330.0  202.320  8.830  0.380  199.570  205.960  8.973  100.400  68.740  496.800
335.0  200.200  8.980  0.380  197.290  203.890  9.130  100.200  68.760  496.800
340.0  199.320  8.760  0.370  195.540  204.060  9.015  99.660  68.770  496.800
345.0  198.380  8.900  0.390  195.540  202.580  9.072  99.110  68.490  496.800
350.0  199.520  7.790  0.320  197.340  202.110  7.881  98.570  68.150  496.800
355.0  200.910  6.840  0.280  199.380  202.350  6.880  98.020  67.800  496.800
360.0  202.020  6.130  0.260  201.250  202.720  6.141  97.470  67.450  496.800
365.0  202.890  6.170  0.250  201.210  204.300  6.218  96.760  67.090  496.800
370.0  204.110  5.970  0.240  201.110  206.500  6.120  96.050  66.630  496.800
375.0  204.080  6.290  0.250  199.100  207.960  6.669  95.340  66.170  496.800
380.0  204.140  6.760  0.270  197.130  209.490  7.433  94.630  65.700  496.800
385.0  203.100  6.460  0.260  195.770  208.700  7.224  93.920  65.240  496.800
390.0  201.460  6.630  0.270  193.930  207.770  7.479  93.220  64.780  496.800
395.0  200.510  7.450  0.310  191.960  208.930  8.573  92.760  64.310  496.800
400.0  199.020  7.950  0.340  189.770  209.300  9.330  92.470  63.860  496.800
405.0  197.150  8.110  0.340  187.580  208.890  9.703  92.180  63.420  496.800
410.0  195.510  7.620  0.330  187.610  206.340  8.944  91.890  62.980  496.800
415.0  195.050  7.620  0.330  187.820  205.750  8.841  91.600  62.540  496.800
420.0  194.620  7.180  0.310  187.620  206.630  8.610  91.310  62.100  496.800
425.0  195.390  7.550  0.330  187.570  208.400  9.172  91.020  61.660  496.800
430.0  195.310  7.820  0.360  187.340  210.290  9.699  91.010  61.220  496.800
435.0  194.340  7.560  0.370  187.590  210.860  9.539  91.100  60.820  496.800
440.0  196.560  7.690  0.390  189.480  214.250  9.873  91.200  60.510  496.800
445.0  196.740  7.190  0.410  190.580  216.170  9.624  91.300  60.200  496.800
450.0  197.920  6.740  0.380  192.090  212.520  8.457  91.530  59.900  496.800
455.0  198.400  7.230  0.410  191.940  213.950  9.086  91.840  59.590  496.800
460.0  198.390  7.510  0.440  191.230  212.940  9.266  92.150  59.290  496.800
465.0  197.080  7.370  0.490  191.670  214.700  9.352  92.450  58.980  496.800
470.0  197.870  7.490  0.510  191.540  217.680  9.940  92.760  58.670  496.800
475.0  198.140  7.620  0.480  191.260  214.180  9.534  93.110  58.370  496.800
480.0  200.530  7.330  0.450  193.210  211.160  8.595  93.460  58.060  496.800
485.0  201.440  8.020  0.480  193.130  211.750  9.273  93.810  57.760  496.800
490.0  201.800  8.820  0.560  192.500  215.040  10.466  94.160  57.450  496.800
495.0  202.000  9.870  0.660  191.910  217.450  11.755  94.500  57.150  496.800
500.0  199.980  9.630  0.590  192.460  215.440  11.213  94.850  56.840  496.800
505.0  199.740  9.550  0.530  192.050  215.240  11.172  95.200  56.530  496.800
510.0  201.240  10.600  0.560  191.390  213.300  11.932  95.550  56.230  496.800
515.0  200.720  10.600  0.550  190.590  209.780  11.635  95.890  55.920  496.800
520.0  199.520  11.500  0.570  188.630  208.240  12.501  96.240  55.620  496.800
525.0  199.210  12.100  0.610  186.830  208.610  13.269  96.560  55.310  496.800
530.0  202.180  10.100  0.530  190.540  209.290  11.135  96.870  55.000  496.800
535.0  204.660  8.860  0.470  193.020  211.030  9.938  97.180  54.690  496.800
540.0  205.230  9.750  0.540  194.410  210.870  10.583  97.500  54.380  496.800
545.0  204.240  9.460  0.530  195.370  209.730  10.118  97.810  54.070  496.800
550.0  199.410  12.900  0.770  193.330  203.610  13.154  98.120  53.750  496.800
555.0  201.200  12.400  0.770  193.800  206.580  12.805  98.440  53.440  496.800
560.0  199.120  10.900  0.650  197.090  200.600  10.935  98.750  53.130  496.800
565.0  197.260  10.400  0.620  198.000  196.660  10.405  99.060  52.820  496.800
570.0  195.380  16.700  1.000  201.610  189.800  16.959  99.380  52.510  496.800
575.0  193.210  14.000  0.850  201.290  183.780  14.668  99.690  52.200  496.800
580.0  191.200  12.300  0.720  200.960  181.060  13.268  100.000  51.890  496.800
585.0  191.790  11.000  0.610  200.520  182.990  11.841  100.300  51.570  496.800
590.0  191.440  10.800  0.560  199.220  183.310  11.509  100.600  51.260  496.800
595.0  191.980  11.100  0.600  197.550  186.050  11.466  100.900  50.940  496.800
600.0  191.930  12.300  0.690  198.250  185.750  12.691  101.300  50.620  496.800
605.0  192.910  12.600  0.700  197.690  189.000  12.786  101.600  50.310  496.800
610.0  194.340  9.720  0.530  196.160  192.980  9.752  101.900  49.990  496.800
615.0  194.440  8.650  0.490  193.860  194.750  8.653  102.200  49.680  496.800
620.0  193.990  10.300  0.560  189.450  195.700  10.418  102.500  49.360  496.800
625.0  193.450  8.440  0.470  184.490  195.830  8.903  102.800  49.040  496.800
630.0  192.910  8.610  0.470  179.750  196.410  9.564  103.100  48.850  496.800
635.0  192.820  10.600  0.550  180.260  195.640  11.276  103.500  48.690  496.800
640.0  190.910  11.400  0.600  170.670  194.020  12.808  103.800  48.530  496.800
645.0  188.150  11.900  0.660  165.100  191.940  13.661  104.100  48.370  496.800
650.0  187.160  10.400  0.560  171.600  190.190  11.391  104.400  48.210  496.800
655.0  187.670  9.180  0.490  177.120  190.120  9.738  104.700  48.050  496.800
660.0  187.640  9.550  0.540  179.330  189.440  9.879  105.100  47.890  496.800
665.0  187.080  7.920  0.480  181.260  188.400  8.119  105.400  47.730  496.800
670.0  187.490  7.420  0.500  182.730  188.460  7.557  105.700  47.650  496.800
675.0  191.130  7.330  0.490  191.850  190.800  7.335  105.800  47.850  496.800
680.0  194.430  6.660  0.440  193.330  194.990  6.673  106.000  48.050  496.800
685.0  193.640  6.130  0.430  191.230  194.650  6.189  106.100  48.260  496.800
690.0  194.430  5.460  0.440  190.830  196.320  5.630  106.300  48.460  496.800
695.0  193.440  5.640  0.500  188.050  195.690  5.955  106.500  48.660  496.800
700.0  192.530  5.890  0.520  181.910  196.840  6.973  106.600  48.860  496.800
705.0  191.640  5.440  0.490  177.090  197.610  7.477  106.800  49.060  496.800
710.0  191.670  5.710  0.520  174.970  197.990  8.107  107.000  49.260  496.800
715.0  189.930  5.880  0.550  176.770  195.430  7.506  107.100  49.470  496.800
720.0  187.350  5.960  0.590  176.350  195.150  7.590  107.300  49.670  496.800
725.0  187.980  6.690  0.600  173.860  198.030  9.015  107.500  50.050  496.800
730.0  188.440  6.770  0.590  172.740  197.250  9.131  107.600  50.470  496.800
735.0  189.100  6.300  0.590  174.590  196.350  8.324  107.800  50.900  496.800
740.0  190.260  5.870  0.650  177.020  196.340  7.602  107.900  51.330  496.800
745.0  190.220  5.940  0.690  177.640  196.400  7.568  108.100  51.760  496.800
750.0  187.270  6.010  0.640  177.550  190.760  6.858  108.200  52.190  496.800
755.0  188.620  5.920  0.700  178.200  193.740  7.081  108.400  52.620  496.800
760.0  186.160  5.980  0.760  176.620  195.280  7.584  108.500  53.050  496.800
765.0  180.340  6.330  0.760  174.010  195.600  8.319  108.600  53.320  496.800
770.0  175.530  5.710  0.640  173.010  188.530  6.904  108.600  53.570  496.800
775.0  174.250  5.850  0.570  172.110  184.750  6.649  108.700  53.820  496.800
780.0  171.690  5.790  0.550  170.660  184.460  6.740  108.700  54.070  496.800
785.0  173.920  6.170  0.720  171.130  184.680  7.039  108.800  54.320  496.800
790.0  177.040  6.110  0.770  174.450  182.300  6.417  108.800  54.570  496.800
795.0  178.950  6.030  0.780  177.490  182.280  6.148  108.900  54.820  496.800
800.0  182.170  6.360  0.790  177.400  191.620  7.286  109.000  55.070  496.800
805.0  183.880  6.120  0.720  178.580  191.170  6.882  109.000  55.320  496.800
810.0  183.970  6.910  0.710  178.560  189.000  7.386  109.100  55.570  496.800
815.0  184.630  6.900  0.640  178.590  191.160  7.582  109.100  55.820  496.800
820.0  184.520  6.720  0.670  177.530  194.690  7.973  109.200  56.070  496.800
825.0  185.530  6.270  0.710  179.120  195.430  7.479  109.200  56.320  496.800
830.0  186.940  6.380  0.680  178.750  196.850  7.822  109.200  56.570  496.800
835.0  187.580  6.370  0.660  179.270  198.330  7.955  109.200  56.820  496.800
840.0  188.980  9.260  0.900  176.970  200.890  11.023  109.200  57.070  496.800
845.0  190.690  9.570  0.970  175.360  204.370  12.008  109.200  57.230  496.800
850.0  192.070  6.990  0.840  172.370  205.650  10.867  109.200  57.350  496.800
855.0  193.360  7.470  0.800  171.550  206.720  11.537  109.200  57.480  496.800
860.0  193.680  7.350  0.760  173.400  206.350  11.040  109.200  57.600  496.800
865.0  192.940  7.210  0.790  173.920  207.260  11.021  109.200  57.730  496.800
870.0  191.660  7.320  0.830  171.970  207.920  11.591  109.200  57.850  496.800
875.0  189.940  7.350  0.870  172.100  209.200  11.834  109.100  57.980  496.800
880.0  189.400  6.920  0.900  174.860  210.240  11.230  109.100  58.100  496.800
885.0  185.770  6.210  0.910  174.870  208.660  10.484  109.100  58.220  496.800
890.0  187.300  6.160  0.930  174.440  207.680  10.344  109.100  58.350  496.800
895.0  187.410  5.900  1.000  173.200  208.000  10.512  109.100  58.470  496.800
900.0  176.860  4.730  0.970  172.770  204.900  9.322  109.100  58.600  496.800
905.0  175.900  4.460  0.940  173.300  206.690  9.464  109.000  58.720  496.800
910.0  165.960  8.930  2.150  161.770  209.020  14.808  109.000  58.840  496.800
915.0  167.560  3.810  1.050  162.590  210.650  12.605  109.000  58.950  496.800
920.0  159.600  3.200  1.100  150.920  210.620  15.264  108.900  59.060  496.800
925.0  162.020  3.430  1.150  151.610  211.870  15.451  108.900  59.170  496.800
930.0  176.580  5.280  1.360  156.760  219.630  16.581  108.900  59.280  496.800
935.0  163.700  3.330  0.930  158.420  217.620  15.170  108.900  59.390  496.800
940.0  160.060  2.530  0.700  157.650  213.260  14.131  108.800  59.500  496.800
945.0  158.890  2.650  0.750  155.770  217.910  15.759  108.800  59.610  496.800
950.0  160.740  2.910  0.940  155.690  219.720  16.270  108.800  59.720  496.800
955.0  161.910  2.930  0.990  156.300  220.220  16.246  108.700  59.830  496.800
960.0  165.020  3.160  0.910  161.100  225.580  16.427  108.700  59.940  496.800
965.0  166.240  3.190  0.790  163.590  226.840  16.131  108.700  60.050  496.800
970.0  166.460  3.200  0.870  163.650  233.030  17.638  108.600  60.160  496.800
975.0  166.480  3.150  1.020  162.800  233.130  17.862  108.600  60.270  496.800
980.0  167.930  3.270  1.150  163.200  235.020  18.250  108.600  60.380  496.800
985.0  167.520  3.270  1.160  162.330  236.610  18.856  108.600  60.490  496.800
990.0  169.930  3.540  1.280  163.410  239.060  19.241  108.500  60.600  496.800
995.0  170.670  3.570  1.300  163.540  237.090  18.731  108.500  60.710  496.800
