# r vrotvdisp verr vapp vrec  err   pa incl  vsys
#
48.0  138.130  5.460  3.810  143.490  136.310  5.747  256.400  35.840  43.700
51.0  141.730  3.490  2.580  142.990  147.550  3.671  255.000  35.810  43.700
54.0  122.300  4.470  12.420  90.440  131.390  11.171  253.600  35.780  43.700
57.0  126.620  4.250  5.440  126.430  111.410  5.671  252.200  35.750  43.700
60.0  123.910  3.910  6.460  124.790  143.730  6.141  250.700  35.720  43.700
63.0  141.760  4.760  2.380  122.710  143.500  7.048  249.300  35.690  43.700
66.0  140.220  4.270  2.420  112.290  128.200  5.836  247.900  35.650  43.700
69.0  128.470  5.040  2.680  129.150  138.050  5.509  246.600  35.620  43.700
72.0  135.940  6.210  2.910  131.710  147.450  7.352  246.100  35.590  43.700
75.0  138.100  5.790  3.170  117.280  157.190  11.536  245.600  35.560  43.700
78.0  147.840  6.580  1.970  129.360  156.130  9.385  245.100  35.530  43.700
81.0  141.270  6.740  1.520  133.030  153.220  8.421  244.500  35.490  43.700
84.0  143.300  7.920  1.950  137.080  158.950  9.624  244.000  35.460  43.700
87.0  150.820  6.380  1.480  138.650  155.000  7.577  243.500  35.430  43.700
90.0  147.040  6.440  1.480  136.800  157.880  8.321  243.100  35.400  43.700
93.0  149.220  6.180  1.620  138.030  158.770  8.067  242.600  35.370  43.700
96.0  151.040  5.990  1.410  141.970  152.880  6.582  242.200  35.330  43.700
99.0  147.590  5.240  1.090  142.050  155.430  6.217  241.700  35.300  43.700
102.0  147.760  5.610  1.180  141.990  154.230  6.390  241.300  35.270  43.700
105.0  152.140  4.330  0.910  150.260  152.400  4.363  240.800  35.240  43.700
108.0  149.840  4.260  0.790  147.740  151.300  4.352  240.400  35.210  43.700
111.0  150.810  3.950  0.720  150.360  149.580  3.955  240.100  35.170  43.700
114.0  151.840  3.960  0.670  153.410  150.150  4.043  239.800  35.140  43.700
117.0  154.930  4.650  0.800  157.850  152.290  4.853  239.400  35.110  43.700
120.0  157.050  4.550  0.790  159.760  155.240  4.688  239.100  35.080  43.700
123.0  157.410  5.070  0.830  159.010  157.670  5.081  238.800  35.050  43.700
126.0  157.470  5.570  0.940  157.280  158.450  5.578  238.400  35.010  43.700
129.0  158.330  6.180  0.960  158.170  163.100  6.302  238.100  34.980  43.700
132.0  163.630  6.140  0.960  164.160  166.200  6.161  237.900  34.950  43.700
135.0  167.120  5.310  0.810  168.100  168.930  5.314  237.700  34.920  43.700
138.0  166.430  5.060  0.690  162.950  170.120  5.368  237.500  34.890  43.700
141.0  167.820  5.340  0.680  165.110  169.740  5.464  237.300  34.850  43.700
144.0  167.910  6.340  0.770  166.330  171.990  6.496  237.100  34.820  43.700
147.0  170.740  5.400  0.690  169.750  176.370  5.648  236.900  34.790  43.700
150.0  173.630  5.510  0.730  171.970  173.530  5.524  236.800  34.760  43.700
153.0  174.780  4.870  0.670  175.200  181.550  5.122  236.600  34.730  43.700
156.0  177.880  5.550  0.780  176.600  186.430  6.070  236.400  34.690  43.700
159.0  181.670  4.950  0.770  180.410  183.580  5.013  236.200  34.660  43.700
162.0  183.070  5.500  0.800  182.900  180.150  5.543  236.100  34.630  43.700
165.0  183.030  4.480  0.660  184.620  180.070  4.622  236.100  34.600  43.700
168.0  183.680  5.760  0.760  186.860  182.310  5.871  236.200  34.570  43.700
171.0  187.770  6.500  0.790  192.340  185.260  6.737  236.200  34.530  43.700
174.0  189.380  6.010  0.730  193.290  186.260  6.262  236.300  34.500  43.700
177.0  191.600  5.630  0.640  195.470  186.780  6.035  236.300  34.470  43.700
180.0  191.690  5.470  0.630  195.380  189.070  5.693  236.400  34.440  43.700
183.0  192.900  5.320  0.650  195.280  188.760  5.564  236.400  34.410  43.700
186.0  194.420  4.910  0.640  197.940  187.130  5.605  236.500  34.370  43.700
189.0  194.630  4.750  0.660  200.400  186.340  5.909  236.500  34.340  43.700
192.0  194.880  4.690  0.670  201.860  188.590  5.745  236.600  34.310  43.700
195.0  196.700  4.560  0.590  202.990  187.200  6.031  236.600  34.280  43.700
198.0  198.930  4.880  0.640  206.010  188.310  6.587  236.700  34.250  43.700
201.0  201.870  4.540  0.580  206.370  189.130  6.260  236.900  34.210  43.700
204.0  199.780  4.770  0.590  205.570  189.850  6.180  237.000  34.180  43.700
207.0  198.710  5.720  0.710  204.710  191.730  6.576  237.100  34.150  43.700
210.0  199.930  4.890  0.570  205.510  193.960  5.679  237.300  34.120  43.700
213.0  200.430  4.910  0.560  205.350  191.870  5.955  237.400  34.090  43.700
216.0  199.360  5.630  0.630  206.290  191.390  6.751  237.500  34.050  43.700
219.0  199.820  5.260  0.590  210.140  192.290  6.898  237.700  34.020  43.700
222.0  201.400  5.210  0.590  212.470  190.750  7.525  237.800  33.990  43.700
225.0  200.120  5.610  0.600  210.560  190.530  7.520  237.900  33.960  43.700
228.0  199.740  5.590  0.600  211.530  189.760  7.802  238.100  33.930  43.700
231.0  198.770  5.580  0.630  211.560  190.870  7.609  238.200  33.900  43.700
234.0  199.890  5.150  0.590  212.920  189.760  7.749  238.300  33.860  43.700
237.0  199.430  5.860  0.680  215.140  191.490  8.324  238.500  33.830  43.700
240.0  200.480  5.620  0.660  214.190  190.860  8.100  238.600  33.800  43.700
243.0  202.490  6.160  0.730  214.740  189.610  8.799  238.700  33.770  43.700
246.0  201.720  6.310  0.710  213.920  192.910  8.210  239.000  33.740  43.700
249.0  203.240  5.870  0.650  212.750  191.040  7.995  239.300  33.700  43.700
252.0  201.150  5.510  0.630  212.520  191.160  7.673  239.600  33.670  43.700
255.0  200.200  5.710  0.690  212.060  191.530  7.678  239.900  33.640  43.700
258.0  197.830  5.670  0.710  208.960  190.620  7.292  240.200  33.610  43.700
261.0  194.940  5.420  0.730  206.200  193.830  6.240  240.500  33.580  43.700
264.0  199.480  6.060  0.750  208.670  194.680  6.997  240.800  33.540  43.700
267.0  201.150  5.920  0.690  210.690  193.100  7.375  241.100  33.510  43.700
270.0  198.670  5.400  0.650  209.560  194.680  6.557  241.200  33.480  43.700
273.0  199.000  5.160  0.630  209.290  196.320  6.094  241.400  33.450  43.700
276.0  199.170  5.310  0.610  208.160  196.660  6.038  241.600  33.420  43.700
279.0  198.910  4.850  0.530  209.820  194.800  6.134  241.700  33.380  43.700
282.0  198.470  10.600  1.160  211.920  196.390  11.289  241.900  33.350  43.700
285.0  199.940  5.320  0.540  211.840  193.620  7.004  242.000  33.320  43.700
288.0  198.270  9.380  0.910  214.130  194.220  10.619  242.200  33.290  43.700
291.0  196.850  5.210  0.530  208.130  193.030  6.434  242.300  33.260  43.700
294.0  195.620  7.620  0.780  206.020  194.400  8.155  242.400  33.220  43.700
297.0  195.970  5.250  0.550  205.210  193.130  6.057  242.400  33.190  43.700
300.0  194.490  5.280  0.570  203.350  195.420  5.640  242.500  33.160  43.700
303.0  196.600  4.950  0.530  202.850  197.110  5.154  242.500  33.130  43.700
306.0  197.190  4.710  0.510  197.430  199.600  4.741  242.500  33.100  43.700
309.0  198.000  4.730  0.550  191.990  202.870  5.456  242.600  33.060  43.700
312.0  201.390  4.610  0.510  195.190  205.340  5.262  242.600  33.030  43.700
315.0  204.000  3.950  0.450  199.450  207.410  4.423  242.600  33.000  43.700
318.0  205.360  4.310  0.490  197.710  205.700  4.750  242.600  32.970  43.700
321.0  203.800  3.960  0.430  198.100  204.190  4.243  242.600  32.940  43.700
324.0  203.570  3.680  0.380  201.680  204.540  3.749  242.500  32.900  43.700
327.0  203.780  3.740  0.410  201.340  203.690  3.786  242.500  32.870  43.700
330.0  202.820  3.190  0.370  199.990  202.680  3.260  242.500  32.840  43.700
333.0  201.080  8.530  1.020  197.740  202.480  8.612  242.500  32.810  43.700
336.0  200.970  3.660  0.460  196.710  201.660  3.864  242.500  32.780  43.700
339.0  200.320  3.430  0.450  197.420  201.600  3.586  242.500  32.740  43.700
342.0  199.940  3.360  0.430  196.510  201.730  3.605  242.500  32.710  43.700
345.0  200.370  5.180  0.730  197.790  201.530  5.264  242.600  32.680  43.700
348.0  199.940  5.470  0.790  196.690  201.520  5.602  242.700  32.650  43.700
351.0  199.540  5.130  0.760  196.460  197.940  5.143  242.700  32.620  43.700
354.0  197.030  4.450  0.620  195.830  196.140  4.451  242.800  32.580  43.700
357.0  196.260  3.930  0.540  196.430  196.340  3.930  242.900  32.550  43.700
360.0  196.480  9.620  1.300  196.680  200.070  9.657  243.000  32.520  43.700
363.0  198.920  4.170  0.610  197.400  198.150  4.174  243.000  32.490  43.700
366.0  197.190  3.430  0.490  195.900  200.010  3.581  243.100  32.460  43.700
369.0  197.360  3.830  0.580  194.790  201.670  4.198  243.200  32.420  43.700
372.0  198.560  4.180  0.610  195.540  200.510  4.361  243.300  32.390  43.700
375.0  199.090  3.600  0.560  197.890  200.190  3.646  243.300  32.360  43.700
378.0  195.340  3.990  0.670  192.770  199.160  4.298  243.400  32.330  43.700
381.0  195.570  3.780  0.610  192.990  194.170  3.791  243.500  32.300  43.700
384.0  193.470  3.640  0.620  192.940  190.540  3.689  243.600  32.260  43.700
387.0  192.190  3.570  0.650  193.190  190.340  3.640  243.600  32.230  43.700
390.0  191.250  4.280  0.790  191.930  190.720  4.291  243.700  32.200  43.700
393.0  192.240  4.510  0.840  193.000  192.030  4.517  243.800  32.170  43.700
396.0  192.860  4.040  0.700  193.070  193.580  4.042  243.900  32.140  43.700
399.0  192.710  4.150  0.750  192.500  196.260  4.255  243.900  32.110  43.700
402.0  192.920  4.000  0.690  191.990  189.440  4.050  244.000  32.070  43.700
405.0  192.170  8.150  1.360  192.950  196.360  8.194  244.100  32.040  43.700
408.0  194.250  3.900  0.700  193.660  201.160  4.327  244.200  32.010  43.700
411.0  195.170  3.750  0.640  193.270  198.830  3.999  244.200  31.980  43.700
414.0  195.350  3.630  0.570  193.980  197.380  3.728  244.300  31.950  43.700
417.0  195.690  4.090  0.660  194.930  196.210  4.102  244.400  31.910  43.700
420.0  197.370  4.320  0.780  197.750  200.080  4.359  244.500  31.880  43.700
423.0  200.130  3.950  0.680  200.140  201.750  3.970  244.500  31.850  43.700
426.0  200.530  4.170  0.710  199.810  201.350  4.188  244.600  31.820  43.700
429.0  200.130  4.990  0.810  199.590  199.150  4.991  244.700  31.790  43.700
432.0  199.880  4.200  0.660  200.250  201.820  4.218  244.800  31.750  43.700
435.0  201.560  3.920  0.580  201.370  201.740  3.921  244.800  31.720  43.700
438.0  200.810  4.080  0.670  199.500  199.620  4.080  244.900  31.690  43.700
441.0  200.300  4.200  0.620  201.380  199.840  4.218  245.000  31.660  43.700
444.0  199.690  4.110  0.600  199.310  197.520  4.134  245.100  31.630  43.700
447.0  198.390  8.260  1.230  201.670  201.350  8.260  245.200  31.590  43.700
450.0  201.560  4.110  0.570  202.130  201.600  4.112  245.200  31.560  43.700
453.0  201.380  3.920  0.500  200.380  201.180  3.925  245.300  31.530  43.700
456.0  200.590  3.940  0.530  196.650  201.220  4.102  245.400  31.500  43.700
459.0  200.570  4.320  0.530  195.670  202.880  4.681  245.500  31.470  43.700
462.0  202.190  6.470  0.720  193.740  203.050  6.876  245.600  31.430  43.700
465.0  202.220  7.010  0.710  194.580  202.580  7.290  245.600  31.400  43.700
468.0  202.010  9.660  1.050  193.260  203.960  10.024  245.700  31.370  43.700
471.0  202.460  7.950  0.820  192.980  207.680  8.758  245.800  31.340  43.700
474.0  205.000  5.060  0.490  193.080  209.190  6.467  245.900  31.310  43.700
477.0  206.460  5.170  0.500  192.820  209.460  6.636  246.000  31.270  43.700
480.0  206.420  8.210  0.840  190.150  212.030  9.865  246.000  31.240  43.700
483.0  208.890  5.720  0.620  188.420  211.070  8.049  246.100  31.210  43.700
486.0  207.930  7.240  0.790  189.240  213.620  9.464  246.200  31.180  43.700
489.0  210.170  5.890  0.690  186.860  215.740  9.318  246.300  31.150  43.700
492.0  210.920  6.130  0.720  186.110  216.560  9.774  246.300  31.110  43.700
495.0  212.640  6.070  0.740  184.930  218.000  10.257  246.300  31.080  43.700
498.0  215.300  5.780  0.730  179.750  218.510  11.283  246.300  31.050  43.700
501.0  215.230  5.690  0.760  179.770  220.520  11.669  246.300  31.020  43.700
504.0  216.850  5.480  0.820  178.080  215.860  10.920  246.200  30.990  43.700
507.0  212.680  8.570  1.280  190.520  216.520  10.756  246.200  30.950  43.700
510.0  214.070  4.610  0.730  191.130  215.350  7.610  246.200  30.920  43.700
513.0  213.430  9.060  1.360  194.350  215.610  10.504  246.200  30.890  43.700
516.0  213.890  4.360  0.650  198.010  215.250  6.131  246.200  30.860  43.700
519.0  210.960  5.400  0.950  183.680  211.650  8.835  246.200  30.830  43.700
522.0  205.410  5.450  1.150  187.230  211.840  8.219  246.200  30.790  43.700
525.0  206.140  5.390  1.230  183.350  216.800  9.949  246.200  30.760  43.700
528.0  210.800  5.270  1.510  176.360  214.070  10.800  246.100  30.730  43.700
531.0  206.820  5.630  1.520  180.260  205.480  8.453  246.100  30.700  43.700
534.0  195.340  4.610  1.670  185.210  210.790  7.883  246.100  30.670  43.700
537.0  199.640  5.200  1.950  186.300  215.970  9.059  246.100  30.630  43.700
540.0  202.550  4.580  1.650  190.700  214.510  7.511  246.100  30.600  43.700
543.0  199.040  4.890  1.820  191.780  211.530  6.949  246.000  30.570  43.700
546.0  206.230  3.760  1.220  197.290  211.090  5.103  246.000  30.540  43.700
549.0  202.990  4.510  1.450  190.490  216.830  7.981  246.000  30.510  43.700
552.0  205.380  4.230  1.340  193.360  214.630  6.795  246.000  30.470  43.700
555.0  199.870  4.670  1.470  191.090  207.750  6.257  246.000  30.440  43.700
558.0  194.310  4.230  1.040  188.690  208.410  6.496  245.900  30.410  43.700
561.0  194.100  4.110  1.030  190.870  215.760  7.457  245.800  30.380  43.700
564.0  193.360  3.810  1.160  189.910  216.080  7.571  245.600  30.350  43.700
567.0  191.300  4.930  1.180  188.170  223.000  10.006  245.400  30.310  43.700
570.0  193.820  4.940  1.290  189.040  209.180  7.054  245.300  30.280  43.700
573.0  185.980  3.800  1.080  184.140  206.010  6.658  245.100  30.250  43.700
576.0  186.840  4.200  1.310  185.610  216.680  8.830  245.000  30.220  43.700
579.0  188.540  4.770  1.640  185.760  232.690  12.665  244.800  30.190  43.700
582.0  190.000  7.260  2.710  181.880  235.910  15.335  244.600  30.160  43.700
585.0  189.730  8.000  2.580  179.800  235.470  16.053  244.500  30.120  43.700
588.0  200.820  8.820  3.130  175.710  226.970  15.557  244.300  30.090  43.700
591.0  189.210  8.050  3.540  173.650  231.860  16.631  244.200  30.060  43.700
594.0  184.680  7.800  3.590  171.790  238.230  18.350  244.000  30.030  43.700
597.0  203.260  6.290  3.730  179.160  233.230  14.909  243.900  30.000  43.700
600.0  209.000  7.350  3.100  177.440  235.960  16.373  243.700  29.960  43.700
603.0  224.290  6.280  3.320  178.530  239.970  16.594  243.600  29.930  43.700
606.0  212.340  7.170  4.030  171.130  234.510  17.392  243.400  29.900  43.700
609.0  203.820  7.850  3.610  172.620  241.620  18.952  243.300  29.870  43.700
612.0  223.250  6.540  3.720  171.050  254.200  21.792  243.100  29.840  43.700
615.0  194.480  8.800  4.740  168.790  239.730  19.798  242.900  29.800  43.700
618.0  193.900  9.960  3.700  167.200  239.350  20.605  242.800  29.770  43.700
621.0  190.640  9.440  4.500  167.590  237.570  19.879  242.600  29.740  43.700
624.0  192.400  9.770  4.230  167.990  233.540  19.079  242.500  29.710  43.700
627.0  196.260  10.700  3.870  169.970  233.320  19.113  242.500  29.680  43.700
630.0  191.760  9.860  3.050  171.940  229.450  17.434  242.400  29.640  43.700
633.0  194.820  9.870  3.070  170.540  233.650  18.610  242.400  29.610  43.700
636.0  198.390  8.490  3.690  173.080  237.320  18.166  242.300  29.580  43.700
639.0  220.340  8.600  4.240  167.920  234.840  18.811  242.300  29.550  43.700
642.0  214.410  9.870  3.520  174.000  238.190  18.840  242.200  29.520  43.700
645.0  200.800  11.000  3.990  174.050  230.430  17.879  242.200  29.480  43.700
648.0  199.350  9.950  2.940  176.230  234.260  17.592  242.200  29.450  43.700
651.0  200.450  8.710  3.070  178.080  235.570  16.806  242.100  29.420  43.700
654.0  196.270  9.320  3.400  175.930  235.180  17.501  242.100  29.390  43.700
657.0  205.750  8.600  3.560  182.240  212.020  11.375  242.000  29.360  43.700
660.0  191.340  17.800  7.600  178.630  236.790  22.984  242.000  29.320  43.700
663.0  193.140  9.730  4.360  177.730  233.430  16.988  242.000  29.260  43.700
669.0  199.240  8.940  3.740  181.840  239.530  16.969  241.900  29.230  43.700
