# r vrotvdisp verr vapp vrec  err   pa incl  vsys
#
42.0  253.210  7.210  7.170  253.690  245.880  7.470  165.100  74.730  818.300
45.0  247.900  10.300  4.080  252.840  233.510  11.377  165.100  74.730  818.300
48.0  251.450  12.100  4.180  258.160  197.880  19.327  165.100  74.730  818.300
51.0  242.720  10.600  4.690  260.420  224.180  13.944  165.100  74.730  818.300
54.0  254.920  4.690  1.250  257.220  253.740  4.770  165.100  74.740  818.300
57.0  254.720  5.680  1.090  248.470  257.420  6.105  165.100  74.740  818.300
60.0  253.140  9.640  1.670  240.980  262.110  10.992  165.100  74.740  818.300
63.0  260.460  6.250  1.070  252.050  265.070  7.047  165.100  74.740  818.300
66.0  263.400  7.840  1.250  250.700  269.950  9.199  165.100  74.750  818.300
69.0  262.250  10.300  1.460  248.160  273.520  12.095  165.100  74.750  818.300
72.0  266.690  8.610  1.260  253.290  276.470  10.379  165.100  74.760  818.300
75.0  267.360  9.600  1.390  253.060  280.040  11.733  165.100  74.870  818.300
78.0  267.380  11.200  1.510  251.930  282.060  13.497  165.100  74.980  818.300
81.0  268.100  10.900  1.570  253.300  283.590  13.272  165.100  75.080  818.300
84.0  265.710  11.100  1.480  250.370  280.440  13.406  165.100  75.190  818.300
87.0  261.400  10.200  1.270  249.350  276.930  12.312  165.100  75.300  818.300
90.0  260.840  9.910  1.280  249.190  275.450  11.887  165.100  75.410  818.300
93.0  257.480  8.270  1.100  249.820  270.090  9.699  165.400  75.510  818.300
96.0  258.680  7.000  0.940  252.770  268.550  8.035  165.600  75.620  818.300
99.0  258.010  5.260  0.660  256.210  261.240  5.408  165.800  75.730  818.300
102.0  257.820  5.180  0.660  257.900  257.700  5.180  166.000  75.830  818.300
105.0  259.600  5.400  0.620  261.950  256.280  5.583  166.300  75.910  818.300
108.0  259.610  6.620  0.770  264.630  253.800  7.152  166.500  75.920  818.300
111.0  260.630  7.620  0.880  267.640  252.820  8.473  166.700  75.930  818.300
114.0  262.750  9.580  1.050  273.740  251.430  11.085  166.900  75.940  818.300
117.0  263.410  11.000  1.180  276.800  249.980  12.882  167.100  75.950  818.300
120.0  264.820  12.500  1.290  279.630  249.170  14.637  167.400  75.960  818.300
123.0  263.750  13.400  1.410  279.990  249.310  15.440  167.600  75.970  818.300
126.0  263.440  13.700  1.420  279.610  248.420  15.764  167.800  75.980  818.300
129.0  259.630  12.300  1.280  273.110  247.530  13.863  168.000  75.990  818.300
132.0  256.630  12.800  1.250  270.020  243.240  14.445  168.200  76.000  818.300
135.0  251.540  11.700  1.200  264.200  241.150  13.042  168.500  76.010  818.300
138.0  249.460  11.400  1.190  261.890  236.610  13.035  168.700  76.010  818.300
141.0  248.260  11.400  1.160  262.010  235.830  13.145  168.500  76.020  818.300
144.0  248.020  12.000  1.170  261.980  233.780  13.918  168.400  76.030  818.300
147.0  248.590  12.900  1.270  263.690  232.830  15.031  168.300  76.040  818.300
150.0  246.320  11.500  1.180  260.970  233.000  13.459  168.100  76.050  818.300
153.0  248.750  13.000  1.220  264.760  233.340  15.189  168.400  76.060  818.300
156.0  248.750  12.400  1.170  264.810  234.390  14.546  168.600  76.070  818.300
159.0  249.680  12.300  1.180  265.270  236.050  14.306  168.800  76.080  818.300
162.0  250.150  12.700  1.160  266.830  236.530  14.788  169.000  76.090  818.300
165.0  249.740  11.200  1.040  265.230  238.790  13.005  169.300  76.100  818.300
168.0  251.030  10.100  0.970  262.850  241.840  11.384  169.500  76.110  818.300
171.0  249.180  10.200  0.950  260.460  241.230  11.276  169.700  76.110  818.300
174.0  250.290  10.000  0.940  260.630  242.610  10.968  169.900  76.120  818.300
177.0  249.950  10.200  0.930  256.830  243.240  10.751  170.100  76.130  818.300
180.0  250.970  9.430  0.860  257.380  244.630  9.954  170.400  76.140  818.300
183.0  250.070  9.620  0.900  256.930  243.020  10.229  170.600  76.150  818.300
186.0  248.040  10.600  1.040  257.400  238.990  11.556  170.800  76.160  818.300
189.0  246.450  10.700  0.990  256.810  238.050  11.683  171.000  76.170  818.300
192.0  245.620  10.200  0.910  255.570  238.470  11.060  171.200  76.180  818.300
195.0  244.780  9.600  0.850  253.720  238.580  10.319  171.500  76.190  818.300
198.0  243.490  8.870  0.770  250.980  237.830  9.460  171.700  76.200  818.300
201.0  243.110  8.160  0.680  249.550  237.780  8.674  171.900  76.210  818.300
204.0  243.630  7.910  0.650  250.440  238.270  8.475  172.100  76.210  818.300
207.0  243.050  7.050  0.590  249.010  238.220  7.548  172.400  76.220  818.300
210.0  241.410  6.890  0.550  245.770  237.520  7.192  172.600  76.230  818.300
213.0  240.440  7.090  0.560  244.750  236.500  7.384  172.600  76.240  818.300
216.0  239.290  6.330  0.500  243.260  235.860  6.595  172.300  76.250  818.300
219.0  238.820  12.300  0.980  242.820  235.460  12.437  172.000  76.260  818.300
222.0  239.200  6.290  0.500  242.170  236.930  6.425  171.700  76.270  818.300
225.0  239.590  6.600  0.510  242.180  237.400  6.707  171.400  76.280  818.300
228.0  240.030  7.170  0.550  241.430  238.750  7.201  171.100  76.290  818.300
231.0  240.520  7.670  0.580  241.670  239.440  7.690  171.000  76.470  818.300
234.0  241.070  7.820  0.600  242.380  239.880  7.845  171.000  76.700  818.300
237.0  242.100  7.940  0.620  243.500  240.860  7.967  171.000  76.930  818.300
240.0  242.490  8.440  0.650  242.530  242.450  8.440  171.000  77.160  818.300
243.0  243.090  8.490  0.650  241.940  244.140  8.508  171.000  77.390  818.300
246.0  243.480  8.680  0.680  242.510  244.400  8.693  171.000  77.570  818.300
249.0  243.990  9.840  0.750  242.540  245.390  9.866  171.000  77.570  818.300
252.0  242.280  9.030  0.690  241.330  243.250  9.043  171.000  77.570  818.300
255.0  242.340  9.610  0.710  240.590  243.940  9.646  171.000  77.570  818.300
258.0  242.370  9.860  0.770  240.870  243.830  9.888  171.000  77.570  818.300
261.0  241.920  9.320  0.690  240.890  242.850  9.333  171.000  77.570  818.300
264.0  242.760  8.910  0.660  241.600  243.840  8.928  171.000  77.570  818.300
267.0  242.290  8.300  0.620  241.180  243.290  8.317  171.000  77.570  818.300
270.0  240.770  8.530  0.620  238.550  242.960  8.601  171.000  77.570  818.300
273.0  240.250  9.190  0.680  239.230  241.170  9.203  171.000  77.570  818.300
276.0  239.650  8.820  0.670  238.670  240.510  8.832  171.000  77.570  818.300
279.0  239.730  8.830  0.680  239.400  239.980  8.831  171.000  77.570  818.300
282.0  238.960  9.050  0.720  240.340  238.000  9.069  171.000  77.570  818.300
285.0  238.480  8.720  0.690  238.870  238.250  8.721  171.000  77.570  818.300
288.0  239.150  7.770  0.630  240.120  238.620  7.779  171.100  77.530  818.300
291.0  238.620  8.340  0.700  238.350  238.740  8.341  171.100  77.130  818.300
294.0  238.260  7.550  0.640  235.840  239.160  7.595  171.100  76.740  818.300
297.0  238.900  7.390  0.630  236.960  239.610  7.420  170.900  76.340  818.300
300.0  238.470  8.010  0.680  236.270  239.010  8.039  170.600  75.950  818.300
303.0  240.500  7.690  0.670  237.670  241.210  7.741  170.300  75.550  818.300
306.0  242.150  4.620  0.420  238.760  242.950  4.737  170.000  75.150  818.300
309.0  242.520  5.470  0.520  239.760  243.060  5.532  169.700  74.760  818.300
312.0  243.420  5.970  0.620  240.190  243.940  6.043  169.400  74.360  818.300
315.0  244.950  5.320  0.540  236.480  246.380  5.868  169.100  73.970  818.300
318.0  245.120  6.150  0.630  240.350  246.480  6.338  168.800  73.950  818.300
321.0  243.890  5.730  0.610  241.960  244.350  5.761  168.500  73.960  818.300
324.0  245.260  8.130  0.830  246.590  245.060  8.139  168.200  73.970  818.300
327.0  246.660  7.490  0.790  249.040  246.240  7.523  167.900  73.980  818.300
330.0  246.230  8.640  0.930  250.670  245.560  8.734  167.600  73.990  818.300
333.0  247.280  8.160  0.920  251.580  246.680  8.251  167.300  74.000  818.300
336.0  245.920  8.680  1.010  251.860  245.220  8.837  167.000  74.010  818.300
339.0  247.920  8.340  1.020  251.290  247.630  8.390  166.700  74.020  818.300
342.0  250.230  9.060  1.060  250.880  250.190  9.062  166.400  74.030  818.300
345.0  250.790  8.980  1.030  249.790  250.850  8.984  166.100  74.040  818.300
348.0  252.980  7.780  0.890  250.720  253.080  7.802  165.800  74.050  818.300
351.0  253.640  8.380  1.010  247.540  254.010  8.535  165.500  74.060  818.300
354.0  255.140  8.400  1.010  250.450  255.360  8.489  165.200  74.080  818.300
