# r vrotvdisp verr vapp vrec  err   pa incl  vsys
#
6.0  18.200  2.380  0.620  21.010  14.950  2.821  284.400  50.900  226.100
12.0  29.110  2.150  0.390  30.850  27.100  2.346  284.400  51.160  226.100
18.0  38.000  2.440  0.350  40.180  35.750  2.680  284.300  51.430  226.100
24.0  46.190  2.260  0.280  46.330  46.050  2.261  284.200  51.700  226.100
30.0  50.300  2.170  0.240  50.120  50.470  2.172  282.500  51.970  226.100
36.0  52.950  2.240  0.230  53.980  51.830  2.304  280.800  52.230  226.100
42.0  55.280  2.030  0.190  56.320  54.180  2.099  279.000  52.500  226.100
48.0  57.420  2.060  0.180  58.140  56.670  2.093  277.500  52.770  226.100
54.0  59.770  1.900  0.160  60.000  59.520  1.904  276.000  53.030  226.100
60.0  61.650  2.060  0.160  61.820  61.470  2.062  277.100  53.300  226.100
66.0  63.170  2.210  0.170  63.380  62.960  2.212  278.300  53.570  226.100
72.0  64.920  2.320  0.170  65.970  63.860  2.379  279.500  53.830  226.100
78.0  66.630  2.380  0.160  68.780  64.460  2.614  280.700  54.100  226.100
84.0  67.730  2.630  0.180  70.540  64.760  3.001  281.900  54.370  226.100
90.0  69.460  2.660  0.170  71.710  67.120  2.897  283.100  54.630  226.100
96.0  72.150  2.740  0.170  72.990  71.310  2.772  284.200  54.900  226.100
102.0  74.370  2.780  0.170  74.140  74.610  2.782  285.400  55.170  226.100
108.0  76.620  2.670  0.160  75.860  77.420  2.698  286.600  55.430  226.100
114.0  78.990  2.950  0.170  77.560  80.420  3.035  287.800  55.490  226.100
120.0  81.480  3.150  0.180  79.090  84.000  3.381  289.000  55.090  226.100
126.0  84.670  3.360  0.180  80.920  88.500  3.858  289.300  54.680  226.100
132.0  87.620  3.710  0.200  83.480  91.880  4.263  289.400  54.280  226.100
138.0  90.350  3.650  0.190  86.450  94.150  4.127  289.600  53.880  226.100
144.0  92.930  3.310  0.170  90.500  95.380  3.528  289.700  53.480  226.100
150.0  94.930  3.310  0.170  93.840  96.050  3.356  289.900  53.080  226.100
156.0  96.820  3.420  0.170  97.360  96.260  3.431  289.800  52.670  226.100
162.0  98.940  3.310  0.160  100.480  97.340  3.402  289.700  52.270  226.100
168.0  101.060  3.310  0.160  103.400  98.660  3.516  289.700  51.870  226.100
174.0  103.390  3.390  0.160  106.390  100.220  3.724  289.600  51.470  226.100
180.0  105.640  3.340  0.150  108.830  102.260  3.722  289.600  51.070  226.100
186.0  107.610  3.420  0.150  110.540  104.530  3.735  289.500  50.670  226.100
192.0  109.460  3.620  0.160  111.770  107.040  3.808  289.400  50.260  226.100
198.0  110.550  3.640  0.160  111.470  109.590  3.670  289.800  49.970  226.100
204.0  111.690  3.570  0.160  111.480  111.910  3.572  290.300  49.780  226.100
210.0  113.280  3.310  0.140  112.650  113.910  3.325  290.800  49.580  226.100
216.0  114.910  3.330  0.140  113.860  116.010  3.373  290.700  49.380  226.100
222.0  115.940  3.510  0.150  114.510  117.360  3.582  290.600  49.190  226.100
228.0  116.630  3.730  0.150  114.170  119.010  3.921  290.400  48.990  226.100
234.0  117.330  3.940  0.160  114.520  120.060  4.176  290.300  48.790  226.100
240.0  117.920  4.160  0.170  114.710  120.860  4.435  290.000  48.590  226.100
246.0  117.650  4.630  0.190  114.080  121.090  4.951  289.600  48.400  226.100
252.0  117.060  4.940  0.200  113.250  120.950  5.302  289.200  48.200  226.100
258.0  115.740  4.510  0.190  112.230  119.530  4.865  289.900  48.000  226.100
264.0  114.050  4.200  0.180  111.130  117.630  4.503  290.500  47.810  226.100
270.0  114.190  4.290  0.170  110.590  117.920  4.665  291.200  47.610  226.100
276.0  114.330  4.280  0.170  110.590  118.160  4.680  291.500  47.410  226.100
282.0  114.080  4.190  0.160  110.940  117.190  4.472  291.700  47.210  226.100
288.0  113.330  4.030  0.150  110.210  116.400  4.317  292.000  47.020  226.100
294.0  112.390  4.000  0.150  108.640  116.000  4.403  292.200  46.820  226.100
300.0  111.720  3.990  0.150  107.770  115.830  4.470  292.400  46.620  226.100
306.0  110.940  4.040  0.160  108.070  114.120  4.314  292.700  46.430  226.100
312.0  110.730  4.270  0.160  108.110  113.560  4.482  292.900  46.230  226.100
318.0  111.010  4.200  0.160  108.960  113.500  4.351  293.200  46.030  226.100
324.0  112.580  3.790  0.150  111.490  113.880  3.837  294.200  45.830  226.100
330.0  114.080  3.500  0.140  113.250  114.950  3.526  295.200  45.640  226.100
336.0  113.540  3.450  0.150  112.510  114.920  3.502  296.100  45.440  226.100
342.0  112.730  3.330  0.150  111.330  114.690  3.434  296.900  45.240  226.100
348.0  111.660  3.500  0.170  109.840  114.360  3.678  297.600  45.050  226.100
354.0  110.890  3.670  0.190  108.340  115.170  4.048  298.300  44.850  226.100
360.0  109.580  4.260  0.220  106.820  115.250  4.753  299.000  44.650  226.100
366.0  109.440  4.380  0.240  107.080  114.760  4.782  299.700  44.450  226.100
372.0  106.990  5.220  0.320  105.010  113.230  5.610  300.300  44.260  226.100
378.0  105.590  5.140  0.330  103.490  112.250  5.587  301.000  44.060  226.100
384.0  106.160  7.890  0.570  103.400  111.330  8.135  301.700  43.860  226.100
390.0  104.130  4.220  0.340  101.370  109.680  4.704  302.100  43.670  226.100
396.0  99.340  4.110  0.360  97.730  105.450  4.541  302.400  43.470  226.100
402.0  98.110  3.510  0.370  96.640  106.060  4.227  302.700  43.270  226.100
408.0  101.670  4.490  0.540  97.170  111.790  5.790  303.000  43.070  226.100
