# r vrotvdisp verr vapp vrec  err   pa incl  vsys
#
9.0  12.760  9.260  3.270  2.810  30.400  11.547  320.500  73.480  548.400
12.0  16.690  6.490  2.440  11.780  34.000  8.543  317.800  73.320  548.400
15.0  18.560  5.950  2.120  15.690  38.420  8.228  315.200  73.160  548.400
18.0  21.980  6.200  1.660  17.430  32.280  7.227  312.600  73.000  548.400
21.0  19.480  6.960  1.830  15.260  36.040  8.685  310.000  72.840  548.400
24.0  24.690  6.050  1.830  16.810  33.010  7.280  307.400  72.690  548.400
27.0  26.650  5.530  1.910  18.440  33.420  6.679  304.800  72.530  548.400
30.0  28.510  5.980  1.650  18.270  35.920  7.432  301.500  72.370  548.400
33.0  25.990  7.650  1.930  14.020  36.490  9.491  298.200  72.210  548.400
36.0  27.840  6.540  1.430  20.370  36.310  7.658  294.900  72.050  548.400
39.0  28.750  5.810  1.110  22.080  36.410  6.826  293.100  71.890  548.400
42.0  30.700  5.670  1.020  24.330  37.310  6.533  291.500  71.740  548.400
45.0  34.470  4.480  0.770  29.080  38.870  5.105  289.800  71.580  548.400
48.0  36.400  5.090  0.800  30.420  41.410  5.784  288.200  71.420  548.400
51.0  38.280  4.130  0.600  34.200  42.270  4.596  287.500  71.260  548.400
54.0  40.670  2.970  0.410  38.090  43.160  3.229  286.900  71.100  548.400
57.0  42.590  3.060  0.430  41.250  43.880  3.130  286.300  70.950  548.400
60.0  43.520  3.330  0.470  42.070  44.720  3.395  285.700  70.790  548.400
63.0  44.620  3.980  0.530  41.270  47.420  4.267  285.100  70.630  548.400
66.0  46.010  4.570  0.640  42.360  48.710  4.838  284.500  70.470  548.400
69.0  48.440  4.680  0.650  45.950  49.880  4.782  284.100  70.310  548.400
72.0  50.790  4.610  0.590  51.220  50.460  4.614  283.900  70.150  548.400
75.0  53.380  4.350  0.520  54.290  52.630  4.370  283.800  70.000  548.400
78.0  54.850  4.590  0.510  56.330  53.350  4.650  283.600  69.840  548.400
81.0  56.720  4.940  0.580  59.140  53.990  5.105  283.400  69.680  548.400
84.0  60.180  4.800  0.540  63.280  56.620  5.081  283.200  69.520  548.400
87.0  63.200  5.280  0.580  67.330  58.460  5.727  283.100  69.360  548.400
90.0  63.640  5.440  0.580  68.590  58.620  5.984  283.100  69.200  548.400
93.0  65.730  5.360  0.560  70.280  60.780  5.863  283.000  69.050  548.400
96.0  68.040  4.880  0.500  71.820  64.010  5.256  282.900  68.890  548.400
99.0  69.630  5.030  0.520  72.800  66.350  5.282  282.800  68.730  548.400
102.0  72.610  4.810  0.500  74.850  70.060  4.957  282.700  68.570  548.400
105.0  75.200  4.320  0.450  77.110  73.320  4.423  282.600  68.410  548.400
108.0  77.710  3.830  0.420  78.150  77.060  3.840  282.600  68.260  548.400
111.0  79.410  4.340  0.440  79.490  79.310  4.340  283.200  68.100  548.400
114.0  81.000  5.060  0.550  81.370  80.230  5.068  283.900  67.940  548.400
117.0  81.690  6.180  0.720  83.070  77.690  6.325  284.500  67.780  548.400
120.0  84.260  5.410  0.650  85.990  77.630  5.800  285.200  67.620  548.400
123.0  84.830  5.500  0.620  87.230  75.800  6.198  285.900  67.460  548.400
126.0  86.470  6.030  0.700  90.590  74.980  7.183  286.600  67.310  548.400
129.0  88.130  6.060  0.670  91.370  74.720  7.352  287.200  67.150  548.400
132.0  88.050  6.420  0.680  92.100  74.790  7.742  287.900  66.990  548.400
135.0  86.540  7.630  0.740  92.590  75.040  8.802  288.600  66.830  548.400
138.0  86.880  7.850  0.780  93.280  77.870  8.744  288.800  66.670  548.400
141.0  87.560  7.760  0.790  94.150  79.000  8.635  288.800  66.510  548.400
144.0  87.850  8.310  0.820  94.140  78.390  9.196  288.800  66.360  548.400
147.0  89.230  7.940  0.710  95.270  81.060  8.698  288.700  66.200  548.400
150.0  90.030  7.740  0.660  96.280  82.480  8.474  288.700  66.040  548.400
153.0  89.890  7.910  0.640  96.340  83.050  8.579  288.700  65.880  548.400
156.0  91.130  7.850  0.630  96.810  85.080  8.380  288.700  65.720  548.400
159.0  93.100  7.530  0.600  97.910  88.490  7.890  288.700  65.570  548.400
162.0  93.690  6.330  0.510  96.650  90.890  6.492  288.800  65.410  548.400
165.0  94.950  5.780  0.450  96.550  93.390  5.834  288.800  65.250  548.400
168.0  95.840  5.210  0.410  96.240  95.470  5.214  288.800  65.090  548.400
171.0  96.320  4.540  0.360  96.040  96.580  4.542  288.800  64.930  548.400
174.0  96.880  4.910  0.390  95.620  98.420  4.960  288.800  64.770  548.400
177.0  98.670  5.730  0.470  95.790  100.860  5.869  288.800  64.620  548.400
180.0  98.520  6.080  0.510  94.710  101.530  6.315  288.700  64.460  548.400
183.0  98.800  6.550  0.530  94.490  102.000  6.814  288.600  64.300  548.400
186.0  99.900  6.760  0.560  96.310  102.690  6.946  288.600  64.140  548.400
189.0  101.020  6.320  0.500  98.090  104.340  6.510  288.500  63.980  548.400
192.0  101.870  6.240  0.510  99.490  104.580  6.368  288.400  63.830  548.400
195.0  103.350  6.480  0.490  100.510  106.210  6.635  288.400  63.670  548.400
198.0  104.260  6.360  0.480  102.210  106.560  6.452  288.300  63.510  548.400
201.0  103.580  5.900  0.440  102.340  105.490  5.952  288.100  63.350  548.400
204.0  103.750  5.720  0.440  103.500  104.150  5.722  287.800  63.190  548.400
207.0  104.690  5.800  0.450  104.900  104.370  5.802  287.500  63.030  548.400
210.0  105.680  5.420  0.410  106.020  105.140  5.424  287.200  62.880  548.400
213.0  106.760  5.180  0.390  106.200  107.590  5.192  286.900  62.720  548.400
216.0  107.440  5.190  0.350  106.140  109.020  5.240  286.800  62.560  548.400
219.0  108.340  4.930  0.320  107.040  109.980  4.984  286.800  62.400  548.400
222.0  109.400  5.010  0.330  108.790  110.130  5.021  286.800  62.240  548.400
225.0  108.830  4.900  0.320  108.940  108.680  4.900  286.800  62.080  548.400
228.0  109.170  4.780  0.300  109.060  109.300  4.780  286.800  61.930  548.400
231.0  109.730  5.110  0.310  110.320  109.120  5.119  286.800  61.770  548.400
234.0  111.060  4.890  0.300  111.520  110.520  4.896  286.600  61.610  548.400
237.0  111.590  4.480  0.280  112.360  110.770  4.498  286.300  61.450  548.400
240.0  111.950  4.480  0.280  113.920  110.120  4.580  286.100  61.290  548.400
243.0  112.180  4.760  0.290  115.080  109.400  4.967  285.800  61.140  548.400
246.0  112.790  4.880  0.300  115.270  110.200  5.042  285.700  60.980  548.400
249.0  112.880  5.030  0.300  115.800  110.120  5.227  285.800  60.820  548.400
252.0  113.250  5.200  0.310  115.850  110.640  5.361  286.000  60.660  548.400
255.0  113.630  5.390  0.330  116.260  111.160  5.539  286.100  60.500  548.400
258.0  114.490  5.230  0.320  116.760  112.290  5.348  286.200  60.340  548.400
261.0  114.690  4.870  0.300  116.530  112.840  4.957  286.200  60.190  548.400
264.0  114.840  5.000  0.300  116.660  113.020  5.082  285.900  60.030  548.400
267.0  114.510  4.950  0.300  115.090  113.950  4.958  285.600  59.870  548.400
270.0  114.660  5.170  0.320  114.980  114.370  5.172  285.300  59.710  548.400
273.0  114.300  5.480  0.340  114.200  114.400  5.480  285.000  59.550  548.400
276.0  114.230  5.980  0.390  113.240  115.130  5.999  284.700  59.390  548.400
279.0  114.150  5.810  0.370  113.630  114.620  5.815  284.300  59.240  548.400
282.0  114.800  6.050  0.390  113.950  115.490  6.062  283.600  59.080  548.400
285.0  116.400  6.160  0.410  115.940  116.700  6.163  282.900  58.920  548.400
288.0  118.070  5.970  0.410  118.080  118.070  5.970  282.100  58.760  548.400
291.0  119.030  6.210  0.440  118.510  119.310  6.213  281.400  58.600  548.400
294.0  119.910  6.360  0.460  121.550  119.170  6.388  280.700  58.450  548.400
