!# Results of ROTMAS saved at 12-Oct-2007 (20:55:10)
!# User velocity         : Vu=SQRT(4*{PI}*4.321*RHO*RC*RC*(1-(RC/R)*ATAN(R/RC)))
!# Total velocity        : Vt=SQRT(MG*VG*ABS(VG)+MD*VD*ABS(VD)+VU**2)
!# Chi-square            : 15.73
!# Red. Chi-square (N=100,n=3) : 0.162165
!# Parameter name  :           RC         RHO          MD          MG
!# Parameter value :     4.988490     6.744790     0.215670     1.000000 
!# Parameter error :     0.344200     0.704072     0.180606     0.000000 
!#
!# Radius |  vgas   |  vdisk  |  vbulge |  vobs   | err vobs|   Vu    |   Vt    |   Rxv   |   Vxy   |
!# kpc       km/s      km/s       km/s     km/s     km/s       km/s      km/s       kpc       km/s   
!#===================================================================================================
    0.117     0.958   0.984497         0      1.29      0.69   1.29251   1.88616         0         0   
    0.234     1.864   1.59527         0       3.5      1.47   2.58375   3.56302         0         0   
    0.351     2.853    2.0041         0      4.21      1.21   3.87243   5.21073         0         0   
    0.468     4.213   2.63718         0      8.77      4.08   5.15732   7.16254         0         0   
    0.585     5.647   3.20913         0     11.76      4.73   6.43717   9.14463         0         0   
    0.702     6.768   3.64143         0     11.77      4.42   7.71078   10.8868         0         0   
    0.819     7.144   4.10825         0     12.88       4.5     8.977   12.1861         0         0   
    0.935     6.706   4.60372         0     15.66      5.37    10.224    13.065         0         0   
    1.052      5.75   5.11066         0     18.36      5.31   11.4722   13.8128         0         0   
    1.169     4.857   5.47075         0      18.8       5.4   12.7098   14.6649         0         0   
    1.286     4.637   5.81354         0     18.75      6.05   13.9358   15.7958         0         0   
    1.403     4.464   6.07935         0     20.45      7.03   15.1494   16.9231         0         0   
     1.52     4.562    6.4289         0     21.31      6.77   16.3497   18.1509         0         0   
    1.637     5.572   6.82334         0     23.64      6.12   17.5359   19.6243         0         0   
    1.754     6.625    7.3894         0     24.11      5.46   18.7073   21.1768         0         0   
    1.871     7.021   7.62227         0     23.58      4.95   19.8634   22.4042         0         0   
    1.988     7.216   7.73958         0     23.52      4.55   21.0034   23.5184         0         0   
    2.105      7.81   7.85831         0     24.37      4.67    22.127   24.7458         0         0   
    2.222     8.519   7.94572         0     26.69      4.96   23.2337   25.9906         0         0   
    2.339     9.133   8.12312         0     27.61      4.42   24.3231   27.2215         0         0   
    2.456     9.861   8.15689         0     28.36      3.27   25.3949   28.4372         0         0   
    2.573     9.988    8.2186         0     29.37      3.69   26.4488   29.4423         0         0   
     2.69     9.153   8.30657         0     30.65      4.08   27.4847   30.1361         0         0   
    2.806     7.791   8.48295         0     33.59      4.68   28.4938   30.7336         0         0   
    2.923     6.308   8.50489         0     34.22      4.58   29.4934   31.3366         0         0   
     3.04     5.184   8.87161         0     33.38      4.39   30.4746   32.1602         0         0   
    3.157     3.752   9.36364         0      33.6      4.12   31.4374   33.0162         0         0   
    3.274    -0.405   9.63728         0      34.7      3.67    32.382   33.7832         0         0   
    3.391    -2.159   9.82939         0     36.15      3.81   33.3083   34.6612         0         0   
    3.508     3.727   10.0875         0     37.48         4   34.2165   35.8666         0         0   
    3.625     7.018   10.5877         0     37.65      4.13   35.1066    37.334         0         0   
    3.742     8.695   10.4932         0     37.82      4.14    35.979   38.4733         0         0   
    3.859     9.139   10.5626         0     38.98      4.21   36.8336    39.393         0         0   
    3.976     9.993     10.53         0     40.99      4.22   37.6709   40.3712         0         0   
    4.093    11.113   10.5058         0     42.65      4.83   38.4909   41.4176         0         0   
     4.21    11.686   10.5263         0     42.97      3.91   39.2939   42.3246         0         0   
    4.327    11.993   10.5679         0     43.25      3.54   40.0802   43.1502         0         0   
    4.444    12.366   10.6065         0     43.54      3.46   40.8501   43.9789         0         0   
    4.561    12.528   10.6759         0     43.64      3.79   41.6038   44.7415         0         0   
    4.677    12.771   10.6093         0     44.62      4.23   42.3354   45.4746         0         0   
    4.794    13.036   10.4784         0     46.48      4.77   43.0578   46.1921         0         0   
    4.911    13.209   10.6494         0     46.27      4.69   43.7649   46.9388         0         0   
    5.028    13.211   11.0085         0      48.1      5.05    44.457    47.667         0         0   
    5.145    13.175   11.2121         0      49.8      5.11   45.1345   48.3365         0         0   
    5.262    13.876    11.435         0     51.27      5.25   45.7976   49.2008         0         0   
    5.379    15.367   11.2208         0     51.28      5.36   46.4466    50.193         0         0   
    5.496    17.678   11.7497         0      52.2      4.92    47.082   51.6457         0         0   
    5.613    20.213   11.5554         0     52.79      4.07   47.7039   53.0825         0         0   
     5.73    22.063   11.9521         0     53.31      3.64   48.3127   54.4403         0         0   
    5.847    23.586   11.8188         0      53.4      3.46   48.9086   55.5701         0         0   
    5.964    25.172    11.885         0     54.33      3.56   49.4921   56.7833         0         0   
    6.081    26.415     11.91         0     55.27      3.53   50.0633   57.8441         0         0   
    6.198    27.137   12.1342         0     56.01       3.5   50.6226   58.7052         0         0   
    6.315    27.499   12.0129         0      57.1      3.78   51.1703   59.3203         0         0   
    6.432    27.912   11.9255         0     58.05         4   51.7066   59.9572         0         0   
    6.548    28.607   12.0568         0      58.8      4.04   52.2274   60.7571         0         0   
    6.665    29.368   12.2359         0     59.91      4.09   52.7419   61.5947         0         0   
    6.782    30.274   12.3143         0     61.22      4.32   53.2458   62.4762         0         0   
    6.899    31.311   12.2011         0     62.51      3.58   53.7395   63.3813         0         0   
    7.016    32.142   12.1801         0     64.58      3.79   54.2232   64.1998         0         0   
    7.133    32.791   12.1903         0     65.44      4.06   54.6971   64.9279         0         0   
     7.25     33.43   12.1269         0     66.45      4.17   55.1615   65.6309         0         0   
    7.367    34.003   11.9934         0     67.92      4.08   55.6166   66.2816         0         0   
    7.484    34.488   11.9135         0     68.02      3.99   56.0627   66.8908         0         0   
    7.601    35.051   11.8561         0     67.77      3.97   56.4999    67.538         0         0   
    7.718    35.577    11.869         0     67.06      4.06   56.9285   68.1722         0         0   
    7.835    36.098   11.7306         0     67.71         4   57.3487   68.7717         0         0   
    7.952    36.753   11.6663         0     69.24       4.1   57.7608   69.4492         0         0   
    8.069    37.294   11.6726         0     69.55      3.71   58.1649   70.0731         0         0   
    8.186    37.734   11.6101         0     69.09       3.3   58.5612   70.6262         0         0   
    8.303    38.132   11.5082         0      69.9      3.45     58.95   71.1448         0         0   
    8.419    38.304   11.5192         0     71.52      3.94   59.3281   71.5522         0         0   
    8.536    38.449   11.4132         0     71.57      4.49   59.7023   71.9233         0         0   
    8.653    38.952   11.4335         0     71.78       4.8   60.0695   72.5006         0         0   
     8.77    39.544   11.3349         0     71.77      4.77   60.4299   73.1025         0         0   
    8.887    39.711   11.3247         0     72.04      4.89   60.7836   73.4837         0         0   
    9.004    39.447    11.282         0     72.13       4.8   61.1308   73.6228         0         0   
    9.121    39.144   11.2146         0     72.49      4.84   61.4716   73.7345         0         0   
    9.238    39.046   11.2069         0     73.09      4.98   61.8062   73.9607         0         0   
    9.355    39.047   11.1294         0     73.73      4.83   62.1348   74.2244         0         0   
    9.472    38.979   11.1222         0     73.77      4.53   62.4575    74.458         0         0   
    9.589    38.816   11.0412         0     73.63      4.67   62.7744   74.6272         0         0   
    9.706    38.588   11.0445         0     73.13      5.03   63.0857   74.7718         0         0   
    9.823    38.341   10.9866         0     74.92      5.32   63.3916   74.8948         0         0   
     9.94    37.964   10.9533         0     76.55      5.04   63.6921   74.9528         0         0   
   10.057    37.325   10.9011         0     76.16      4.79   63.9873   74.8757         0         0   
   10.174    36.679    10.846         0     75.67      4.37   64.2775   74.7969         0         0   
    10.29    36.189   10.8368         0     77.03      4.39   64.5603   74.8005         0         0   
   10.407    35.768   10.7906         0      78.5       4.8   64.8407   74.8338         0         0   
   10.524    35.379   10.7637         0     78.05      5.24   65.1163   74.8844         0         0   
   10.641    35.054   10.7081         0     76.58      5.28   65.3873   74.9597         0         0   
   10.758    34.726   10.7012         0     73.95       4.3   65.6538   75.0389         0         0   
   10.875    34.394   10.6644         0     73.92      4.47   65.9159   75.1105         0         0   
   10.992    34.063   10.6526         0      75.9      4.35   66.1736   75.1845         0         0   
   11.109    33.686   10.6171         0     78.37      4.86   66.4272   75.2332         0         0   
   11.226    33.363    10.586         0      80.5       4.2   66.6766   75.3055         0         0   
   11.343    33.103    10.596         0     78.18      3.65    66.922   75.4098         0         0   
    11.46    32.863   10.5903         0      75.3      3.71   67.1634   75.5186         0         0   
   11.577    32.876   10.5908         0     75.29      4.61    67.401   75.7356         0         0   
   11.694    34.485   10.5821         0     76.72      3.87   67.6348   76.6529         0         0   
