!# Results of ROTMAS saved at 10-Oct-2007 (17:31:54)
!# User velocity         : Vu=V200*SQRT(((LN(1+C*R*0.75/V200))-(C*R*0.75/V200)/(1+C*R*0.75/V200))/((0.75*R/V200)*(LN(1+C)-(C/(1+C)))))
!# Total velocity        : Vt=SQRT(MG*VG*ABS(VG)+MD*VD*ABS(VD)+VU**2)
!# Chi-square            : 177.45
!# Red. Chi-square (N=100,n=2) : 1.810714
!# Parameter name  :            C        V200          MD          MG
!# Parameter value :    -0.436146   873.911987     1.000000     1.000000 
!# Parameter error :   585.010925 1152652.500000     0.000000     0.000000 
!#
!# Radius |  vgas   |  vdisk  |  vbulge |  vobs   | err vobs|   Vu    |   Vt    |   Rxv   |   Vxy   |
!# kpc       km/s      km/s       km/s     km/s     km/s       km/s      km/s       kpc       km/s   
!#===================================================================================================
    0.117     0.958   2.11992         0      1.29      0.69   6.03083   6.46395         0         0   
    0.234     1.864    3.4351         0       3.5      1.47   8.52913   9.38192         0         0   
    0.351     2.853   4.31543         0      4.21      1.21   10.4463   11.6571         0         0   
    0.468     4.213   5.67865         0      8.77      4.08   12.0627   13.9823         0         0   
    0.585     5.647   6.91023         0     11.76      4.73   13.4869   16.1721         0         0   
    0.702     6.768   7.84109         0     11.77      4.42   14.7746   18.0438         0         0   
    0.819     7.144   8.84631         0     12.88       4.5   15.9589   19.5954         0         0   
    0.935     6.706   9.91321         0     15.66      5.37   17.0521   20.8331         0         0   
    1.052      5.75   11.0048         0     18.36      5.31   18.0881   21.9396         0         0   
    1.169     4.857   11.7802         0      18.8       5.4    19.068   22.9336         0         0   
    1.286     4.637   12.5183         0     18.75      6.05   20.0001    24.046         0         0   
    1.403     4.464   13.0907         0     20.45      7.03   20.8907   25.0542         0         0   
     1.52     4.562   13.8434         0     21.31      6.77   21.7449   26.1781         0         0   
    1.637     5.572   14.6927         0     23.64      6.12    22.567   27.4989         0         0   
    1.754     6.625   15.9116         0     24.11      5.46   23.3602   29.0305         0         0   
    1.871     7.021    16.413         0     23.58      4.95   24.1274   30.0136         0         0   
    1.988     7.216   16.6656         0     23.52      4.55   24.8711   30.7959         0         0   
    2.105      7.81   16.9213         0     24.37      4.67   25.5933   31.6598         0         0   
    2.222     8.519   17.1096         0     26.69      4.96   26.2957    32.508         0         0   
    2.339     9.133   17.4915         0     27.61      4.42   26.9799   33.4257         0         0   
    2.456     9.861   17.5643         0     28.36      3.27   27.6472   34.2069         0         0   
    2.573     9.988   17.6971         0     29.37      3.69   28.2989   34.8393         0         0   
     2.69     9.153   17.8866         0     30.65      4.08    28.936   35.2278         0         0   
    2.806     7.791   18.2664         0     33.59      4.68   29.5542   35.6063         0         0   
    2.923     6.308   18.3136         0     34.22      4.58    30.165   35.8483         0         0   
     3.04     5.184   19.1033         0     33.38      4.39   30.7636   36.5816         0         0   
    3.157     3.752   20.1628         0      33.6      4.12    31.351   37.4633         0         0   
    3.274    -0.405    20.752         0      34.7      3.67   31.9276   38.0769         0         0   
    3.391    -2.159   21.1656         0     36.15      3.81    32.494   38.7193         0         0   
    3.508     3.727   21.7215         0     37.48         4   33.0508   39.7249         0         0   
    3.625     7.018   22.7985         0     37.65      4.13   33.5984   41.2053         0         0   
    3.742     8.695   22.5951         0     37.82      4.14   34.1373   41.8509         0         0   
    3.859     9.139   22.7445         0     38.98      4.21   34.6679   42.4582         0         0   
    3.976     9.993   22.6743         0     40.99      4.22   35.1905    43.039         0         0   
    4.093    11.113   22.6222         0     42.65      4.83   35.7056   43.7053         0         0   
     4.21    11.686   22.6662         0     42.97      3.91   36.2134   44.2914         0         0   
    4.327    11.993   22.7559         0     43.25      3.54   36.7142   44.8285         0         0   
    4.444    12.366   22.8389         0     43.54      3.46   37.2083   45.3761         0         0   
    4.561    12.528   22.9885         0     43.64      3.79   37.6961   45.8957         0         0   
    4.677    12.771    22.845         0     44.62      4.23   38.1735    46.284         0         0   
    4.794    13.036   22.5632         0     46.48      4.77   38.6492   46.6133         0         0   
    4.911    13.209   22.9314         0     46.27      4.69   39.1191   47.2295         0         0   
    5.028    13.211   23.7045         0      48.1      5.05   39.5835   47.9926         0         0   
    5.145    13.175   24.1431         0      49.8      5.11   40.0426   48.5786         0         0   
    5.262    13.876   24.6231         0     51.27      5.25   40.4965   49.3843         0         0   
    5.379    15.367   24.1618         0     51.28      5.36   40.9454   49.9647         0         0   
    5.496    17.678   25.3006         0      52.2      4.92   41.3896   51.6307         0         0   
    5.613    20.213   24.8823         0     52.79      4.07    41.829   52.7007         0         0   
     5.73    22.063   25.7366         0     53.31      3.64    42.264   54.1792         0         0   
    5.847    23.586   25.4495         0      53.4      3.46   42.6945   55.0164         0         0   
    5.964    25.172   25.5919         0     54.33      3.56   43.1208   56.1069         0         0   
    6.081    26.415   25.6458         0     55.27      3.53    43.543   57.0215         0         0   
    6.198    27.137   26.1286         0     56.01       3.5   43.9612   57.8939         0         0   
    6.315    27.499   25.8674         0      57.1      3.78   44.3755   58.2623         0         0   
    6.432    27.912   25.6793         0     58.05         4    44.786   58.6881         0         0   
    6.548    28.607    25.962         0      58.8      4.04   45.1893   59.4513         0         0   
    6.665    29.368   26.3475         0     59.91      4.09   45.5926   60.2939         0         0   
    6.782    30.274   26.5164         0     61.22      4.32   45.9924   61.1141         0         0   
    6.899    31.311   26.2727         0     62.51      3.58   46.3888   61.8268         0         0   
    7.016    32.142   26.2274         0     64.58      3.79   46.7818   62.5262         0         0   
    7.133    32.791   26.2495         0     65.44      4.06   47.1717   63.1621         0         0   
     7.25     33.43   26.1128         0     66.45      4.17   47.5584   63.7279         0         0   
    7.367    34.003   25.8255         0     67.92      4.08    47.942   64.1997         0         0   
    7.484    34.488   25.6535         0     68.02      3.99   48.3226    64.673         0         0   
    7.601    35.051   25.5298         0     67.77      3.97   48.7003   65.2078         0         0   
    7.718    35.577   25.5575         0     67.06      4.06   49.0751    65.782         0         0   
    7.835    36.098   25.2596         0     67.71         4   49.4471   66.2279         0         0   
    7.952    36.753   25.1211         0     69.24       4.1   49.8164   66.8096         0         0   
    8.069    37.294   25.1346         0     69.55      3.71    50.183   67.3864         0         0   
    8.186    37.734   25.0001         0     69.09       3.3    50.547   67.8518         0         0   
    8.303    38.132   24.7807         0      69.9      3.45   50.9085   68.2627         0         0   
    8.419    38.304   24.8044         0     71.52      3.94   51.2643    68.633         0         0   
    8.536    38.449   24.5762         0     71.57      4.49   51.6208   68.8987         0         0   
    8.653    38.952   24.6197         0     71.78       4.8   51.9749   69.4607         0         0   
     8.77    39.544   24.4074         0     71.77      4.77   52.3267   69.9824         0         0   
    8.887    39.711   24.3856         0     72.04      4.89   52.6761   70.3306         0         0   
    9.004    39.447   24.2935         0     72.13       4.8   53.0233    70.411         0         0   
    9.121    39.144   24.1485         0     72.49      4.84   53.3682   70.4526         0         0   
    9.238    39.046   24.1318         0     73.09      4.98    53.711   70.6527         0         0   
    9.355    39.047   23.9649         0     73.73      4.83   54.0516   70.8559         0         0   
    9.472    38.979   23.9494         0     73.77      4.53   54.3902    71.072         0         0   
    9.589    38.816   23.7751         0     73.63      4.67   54.7267   71.1825         0         0   
    9.706    38.588   23.7822         0     73.13      5.03   55.0611   71.3187         0         0   
    9.823    38.341   23.6574         0     74.92      5.32   55.3936   71.4014         0         0   
     9.94    37.964   23.5857         0     76.55      5.04   55.7242   71.4334         0         0   
   10.057    37.325   23.4733         0     76.16      4.79   56.0528   71.3167         0         0   
   10.174    36.679   23.3547         0     75.67      4.37   56.3796      71.2         0         0   
    10.29    36.189   23.3349         0     77.03      4.39   56.7017   71.1986         0         0   
   10.407    35.768   23.2355         0      78.5       4.8   57.0248   71.2114         0         0   
   10.524    35.379   23.1776         0     78.05      5.24   57.3462   71.2563         0         0   
   10.641    35.054   23.0578         0     76.58      5.28   57.6657   71.3147         0         0   
   10.758    34.726   23.0428         0     73.95       4.3   57.9836    71.407         0         0   
   10.875    34.394   22.9637         0     73.92      4.47   58.2998   71.4782         0         0   
   10.992    34.063   22.9382         0      75.9      4.35   58.6142   71.5687         0         0   
   11.109    33.686   22.8618         0     78.37      4.86   58.9271   71.6227         0         0   
   11.226    33.363   22.7948         0      80.5       4.2   59.2383   71.7069         0         0   
   11.343    33.103   22.8165         0     78.18      3.65    59.548   71.8496         0         0   
    11.46    32.863   22.8042         0      75.3      3.71    59.856   71.9913         0         0   
   11.577    32.876   22.8051         0     75.29      4.61   60.1626   72.2526         0         0   
   11.694    34.485   22.7865         0     76.72      3.87   60.4676   73.2446         0         0   
