!# Results of ROTMAS saved at 10-Oct-2007 (17:36:57)
!# User velocity         : Vu=SQRT(4*{PI}*4.321*RHO*RC*RC*(1-(RC/R)*ATAN(R/RC)))
!# Total velocity        : Vt=SQRT(MG*VG*ABS(VG)+MD*VD*ABS(VD)+VU**2)
!# Chi-square            : 17.0764
!# Red. Chi-square (N=100,n=2) : 0.174249
!# Parameter name  :           RC         RHO          MD          MG
!# Parameter value :     7.234870     4.078680     1.000000     1.000000 
!# Parameter error :     0.301997     0.134941     0.000000     0.000000 
!#
!# Radius |  vgas   |  vdisk  |  vbulge |  vobs   | err vobs|   Vu    |   Vt    |   Rxv   |   Vxy   |
!# kpc       km/s      km/s       km/s     km/s     km/s       km/s      km/s       kpc       km/s   
!#===================================================================================================
    0.117     0.958   2.11992         0      1.29      0.69   1.00519   2.53421         0         0   
    0.234     1.864    3.4351         0       3.5      1.47   2.00991   4.39479         0         0   
    0.351     2.853   4.31543         0      4.21      1.21   3.01368   5.98705         0         0   
    0.468     4.213   5.67865         0      8.77      4.08   4.01604   8.13173         0         0   
    0.585     5.647   6.91023         0     11.76      4.73   5.01652   10.2374         0         0   
    0.702     6.768   7.84109         0     11.77      4.42   6.01467   11.9777         0         0   
    0.819     7.144   8.84631         0     12.88       4.5   7.01002   13.3579         0         0   
    0.935     6.706   9.91321         0     15.66      5.37   7.99368   14.3924         0         0   
    1.052      5.75   11.0048         0     18.36      5.31   8.98217   15.3247         0         0   
    1.169     4.857   11.7802         0      18.8       5.4   9.96656    16.177         0         0   
    1.286     4.637   12.5183         0     18.75      6.05   10.9465   17.2637         0         0   
    1.403     4.464   13.0907         0     20.45      7.03   11.9214   18.2596         0         0   
     1.52     4.562   13.8434         0     21.31      6.77   12.8911   19.4585         0         0   
    1.637     5.572   14.6927         0     23.64      6.12   13.8552   20.9497         0         0   
    1.754     6.625   15.9116         0     24.11      5.46   14.8132   22.7266         0         0   
    1.871     7.021    16.413         0     23.58      4.95   15.7648   23.8162         0         0   
    1.988     7.216   16.6656         0     23.52      4.55   16.7097   24.6785         0         0   
    2.105      7.81   16.9213         0     24.37      4.67   17.6477   25.6665         0         0   
    2.222     8.519   17.1096         0     26.69      4.96   18.5783   26.6545         0         0   
    2.339     9.133   17.4915         0     27.61      4.42   19.5013   27.7429         0         0   
    2.456     9.861   17.5643         0     28.36      3.27   20.4165   28.6806         0         0   
    2.573     9.988   17.6971         0     29.37      3.69   21.3236   29.4558         0         0   
     2.69     9.153   17.8866         0     30.65      4.08   22.2224    29.959         0         0   
    2.806     7.791   18.2664         0     33.59      4.68   23.1051   30.4665         0         0   
    2.923     6.308   18.3136         0     34.22      4.58   23.9867   30.8308         0         0   
     3.04     5.184   19.1033         0     33.38      4.39   24.8594   31.7773         0         0   
    3.157     3.752   20.1628         0      33.6      4.12   25.7231   32.8982         0         0   
    3.274    -0.405    20.752         0      34.7      3.67   26.5776   33.7172         0         0   
    3.391    -2.159   21.1656         0     36.15      3.81   27.4227   34.5735         0         0   
    3.508     3.727   21.7215         0     37.48         4   28.2584   35.8365         0         0   
    3.625     7.018   22.7985         0     37.65      4.13   29.0846   37.6157         0         0   
    3.742     8.695   22.5951         0     37.82      4.14   29.9012   38.4737         0         0   
    3.859     9.139   22.7445         0     38.98      4.21    30.708   39.2915         0         0   
    3.976     9.993   22.6743         0     40.99      4.22   31.5052   40.0819         0         0   
    4.093    11.113   22.6222         0     42.65      4.83   32.2925   40.9643         0         0   
     4.21    11.686   22.6662         0     42.97      3.91   33.0701   41.7606         0         0   
    4.327    11.993   22.7559         0     43.25      3.54   33.8378   42.5048         0         0   
    4.444    12.366   22.8389         0     43.54      3.46   34.5956   43.2596         0         0   
    4.561    12.528   22.9885         0     43.64      3.79   35.3436   43.9841         0         0   
    4.677    12.771    22.845         0     44.62      4.23   36.0756   44.5695         0         0   
    4.794    13.036   22.5632         0     46.48      4.77   36.8041   45.0952         0         0   
    4.911    13.209   22.9314         0     46.27      4.69   37.5228   45.9161         0         0   
    5.028    13.211   23.7045         0      48.1      5.05   38.2318    46.884         0         0   
    5.145    13.175   24.1431         0      49.8      5.11   38.9311   47.6666         0         0   
    5.262    13.876   24.6231         0     51.27      5.25   39.6208   48.6687         0         0   
    5.379    15.367   24.1618         0     51.28      5.36   40.3009   49.4378         0         0   
    5.496    17.678   25.3006         0      52.2      4.92   40.9715   51.2962         0         0   
    5.613    20.213   24.8823         0     52.79      4.07   41.6327    52.545         0         0   
     5.73    22.063   25.7366         0     53.31      3.64   42.2846   54.1953         0         0   
    5.847    23.586   25.4495         0      53.4      3.46   42.9272   55.1971         0         0   
    5.964    25.172   25.5919         0     54.33      3.56   43.5606   56.4456         0         0   
    6.081    26.415   25.6458         0     55.27      3.53   44.1849   57.5132         0         0   
    6.198    27.137   26.1286         0     56.01       3.5   44.8003   58.5336         0         0   
    6.315    27.499   25.8674         0      57.1      3.78   45.4067   59.0516         0         0   
    6.432    27.912   25.6793         0     58.05         4   46.0044   59.6231         0         0   
    6.548    28.607    25.962         0      58.8      4.04   46.5884   60.5216         0         0   
    6.665    29.368   26.3475         0     59.91      4.09    47.169   61.4946         0         0   
    6.782    30.274   26.5164         0     61.22      4.32    47.741   62.4407         0         0   
    6.899    31.311   26.2727         0     62.51      3.58   48.3047    63.277         0         0   
    7.016    32.142   26.2274         0     64.58      3.79   48.8601    64.096         0         0   
    7.133    32.791   26.2495         0     65.44      4.06   49.4075   64.8489         0         0   
     7.25     33.43   26.1128         0     66.45      4.17   49.9468   65.5296         0         0   
    7.367    34.003   25.8255         0     67.92      4.08   50.4781   66.1151         0         0   
    7.484    34.488   25.6535         0     68.02      3.99   51.0017   66.6986         0         0   
    7.601    35.051   25.5298         0     67.77      3.97   51.5177   67.3381         0         0   
    7.718    35.577   25.5575         0     67.06      4.06    52.026   68.0119         0         0   
    7.835    36.098   25.2596         0     67.71         4    52.527    68.558         0         0   
    7.952    36.753   25.1211         0     69.24       4.1   53.0205   69.2317         0         0   
    8.069    37.294   25.1346         0     69.55      3.71   53.5069   69.8969         0         0   
    8.186    37.734   25.0001         0     69.09       3.3   53.9862   70.4512         0         0   
    8.303    38.132   24.7807         0      69.9      3.45   54.4585   70.9497         0         0   
    8.419    38.304   24.8044         0     71.52      3.94   54.9199   71.4048         0         0   
    8.536    38.449   24.5762         0     71.57      4.49   55.3786   71.7572         0         0   
    8.653    38.952   24.6197         0     71.78       4.8   55.8306   72.3909         0         0   
     8.77    39.544   24.4074         0     71.77      4.77   56.2761   72.9825         0         0   
    8.887    39.711   24.3856         0     72.04      4.89   56.7151   73.4045         0         0   
    9.004    39.447   24.2935         0     72.13       4.8   57.1478   73.5671         0         0   
    9.121    39.144   24.1485         0     72.49      4.84   57.5743   73.6899         0         0   
    9.238    39.046   24.1318         0     73.09      4.98   57.9947   73.9616         0         0   
    9.355    39.047   23.9649         0     73.73      4.83    58.409   74.2334         0         0   
    9.472    38.979   23.9494         0     73.77      4.53   58.8174   74.5146         0         0   
    9.589    38.816   23.7751         0     73.63      4.67     59.22   74.6924         0         0   
    9.706    38.588   23.7822         0     73.13      5.03   59.6169   74.8919         0         0   
    9.823    38.341   23.6574         0     74.92      5.32   60.0082   75.0379         0         0   
     9.94    37.964   23.5857         0     76.55      5.04   60.3939   75.1331         0         0   
   10.057    37.325   23.4733         0     76.16      4.79   60.7743   75.0844         0         0   
   10.174    36.679   23.3547         0     75.67      4.37   61.1492   75.0334         0         0   
    10.29    36.189   23.3349         0     77.03      4.39   61.5159    75.089         0         0   
   10.407    35.768   23.2355         0      78.5       4.8   61.8805   75.1561         0         0   
   10.524    35.379   23.1776         0     78.05      5.24   62.2401   75.2509         0         0   
   10.641    35.054   23.0578         0     76.58      5.28   62.5947   75.3561         0         0   
   10.758    34.726   23.0428         0     73.95       4.3   62.9444   75.4909         0         0   
   10.875    34.394   22.9637         0     73.92      4.47   63.2894    75.603         0         0   
   10.992    34.063   22.9382         0      75.9      4.35   63.6296   75.7309         0         0   
   11.109    33.686   22.8618         0     78.37      4.86   63.9652   75.8218         0         0   
   11.226    33.363   22.7948         0      80.5       4.2   64.2962   75.9387         0         0   
   11.343    33.103   22.8165         0     78.18      3.65   64.6227   76.1085         0         0   
    11.46    32.863   22.8042         0      75.3      3.71   64.9449   76.2748         0         0   
   11.577    32.876   22.8051         0     75.29      4.61   65.2627   76.5515         0         0   
   11.694    34.485   22.7865         0     76.72      3.87   65.5763   77.5158         0         0   
