!# Results of ROTMAS saved at 12-May-2008 (13:37:41)
!# User velocity         : Vu=V200*SQRT(((LN(1+C*R*0.75/V200))-(C*R*0.75/V200)/(1+C*R*0.75/V200))/((0.75*R/V200)*(LN(1+C)-(C/(1+C)))))
!# Total velocity        : Vt=SQRT(MG*VG*ABS(VG)+MD*VD*ABS(VD)+MB*VB*ABS(VB)+VU**2)
!# Chi-square            : 164.283
!# Red. Chi-square (N=288,n=2) : 0.574417
!# Parameter name  :            C        V200          MB          MD          MG
!# Parameter value :    12.256000   102.157997     0.710000     0.710000     1.000000 
!# Parameter error :     0.195252     0.730922     0.000000     0.000000     0.000000 
!#
!# Radius |  vgas   |  vdisk  |  vbulge |  vobs   | err vobs|   Vu    |   Vt    |   Rxv   |   Vxy   |
!# kpc       km/s      km/s       km/s     km/s     km/s       km/s      km/s       kpc       km/s   
!#===================================================================================================
  0.06252    -0.878   -0.863672   7.14538      1.98     6.926   14.6672   16.2685         0         0   
    0.125    -1.771   3.64692   12.8643     15.78     7.691   20.6622   24.5475         0         0   
   0.1876     -2.74   7.30954   17.4078      22.3     4.584    25.219   31.3839         0         0   
   0.2501    -3.448   10.5148   21.0776     32.16     4.542   29.0114   37.2102         0         0   
   0.3126    -3.847   13.7908   24.0548     39.67     4.433   32.3158   42.4068         0         0   
   0.3751    -3.736   17.1019   26.4726     46.24     4.892   35.2704   47.1521         0         0   
   0.4377    -3.329   20.0633   28.4173     53.31     5.425   37.9619   51.3819         0         0   
   0.5002    -3.488   22.5073    29.962     59.93     5.252   40.4356   55.0197         0         0   
   0.5627    -3.553   24.6217   31.1778     63.97     4.703   42.7337   58.2394         0         0   
   0.6252    -3.157   26.6197   32.1126     67.31     4.833   44.8837   61.1916         0         0   
   0.6878    -2.552   28.4111   32.8111     71.34     5.217   46.9098   63.8574         0         0   
   0.7503     -1.75   30.1812   33.3033     75.57     5.835   48.8216   66.3363         0         0   
   0.8128    -1.157   31.8065    33.624     77.88     5.215   50.6357    68.592         0         0   
   0.8753    0.9515   33.2278   33.7983     78.48     4.769   52.3626   70.6339         0         0   
   0.9379     1.491   34.4107   33.8521     79.11     4.473   54.0136   72.4552         0         0   
        1     -1.75   35.4495   33.8013     79.94     4.478    55.581   74.0633         0         0   
    1.063    -3.049   36.5921    33.659     78.37     4.277   57.1058    75.655         0         0   
    1.125    -3.095   37.7202   33.4539     78.17     5.311   58.5474   77.2023         0         0   
    1.188    -2.711   38.9961   33.1795     80.29     5.612   59.9571   78.7977         0         0   
     1.25    -1.524   40.5456   32.8666     81.05     4.532   61.2942   80.4911         0         0   
    1.313     2.252   42.3149   32.5035     82.24     4.249   62.6054   82.2893         0         0   
    1.376     4.243   43.9459   32.1164     84.09     4.042    63.872   84.0258         0         0   
    1.438     5.631   45.2635   31.7089     84.33     4.746   65.0778   85.5632         0         0   
    1.501     5.952   46.3121   31.2775     85.52     5.536   66.2642   86.8877         0         0   
    1.563      5.54   47.1939     30.84     87.43     6.061   67.3959   88.0412         0         0   
    1.626     4.284   47.8496   30.3846      89.9     6.303   68.5114   89.0223         0         0   
    1.688     1.864   48.2801   29.9355     91.76      6.55   69.5771   89.8418         0         0   
    1.751    -1.383    48.718   29.4732     93.15     6.431   70.6293   90.7122         0         0   
    1.813     3.054   49.2361   29.0235     93.87     6.196    71.636    91.693         0         0   
    1.876     4.459   49.7344   28.5667     94.41     5.643   72.6312   92.6539         0         0   
    1.938     4.357   50.2091   28.1242     95.31     5.843   73.5846   93.5179         0         0   
    2.001     4.822   50.5293     27.68     96.72     5.987   74.5281   94.3243         0         0   
    2.063     5.207   50.7541   27.2513     98.01      5.72    75.433   95.0572         0         0   
    2.126     4.209   51.0198   26.8246     97.78     6.124   76.3295   95.7418         0         0   
    2.188     2.869   51.3137   26.4138     98.34     6.088   77.1902   96.4227         0         0   
    2.251    0.8887    51.768   26.0079     96.17     5.947   78.0436   97.2004         0         0   
    2.313    -2.144   52.1946   25.6176     96.39     6.168   78.8635   97.9561         0         0   
    2.376    -2.411   52.4536   25.2329     98.41     5.719   79.6773   98.6445         0         0   
    2.438    -3.313   52.8176    24.865     98.95      5.65   80.4597   99.3517         0         0   
    2.501    -3.768   53.1906   24.5021     97.96     5.947   81.2369   100.074         0         0   
    2.563    -1.335   53.4547   24.1562     98.02     5.535   81.9846     100.8         0         0   
    2.626     3.758   53.8097   23.8149     97.81     5.436   82.7278   101.591         0         0   
    2.689      4.56   54.1467   23.4858     98.59      4.98   83.4548   102.318         0         0   
    2.751     4.388   54.5722   23.1717     99.98      4.97    84.155   103.036         0         0   
    2.814     2.929   55.1847   22.8635     99.95     5.133   84.8515    103.81         0         0   
    2.876     -3.21   55.8685   22.5696       100     4.688   85.5226   104.568         0         0   
    2.939     -4.77   56.3794   22.2811     100.5     4.215   86.1907   105.267         0         0   
    3.001    -5.367   56.8785   22.0064     101.5      3.98   86.8347   105.976         0         0   
    3.064    -5.373   57.3729   21.7361     102.3     4.451   87.4761   106.711         0         0   
    3.126    -4.263     57.85   21.4798     103.4     4.389   88.0948   107.473         0         0   
    3.189     2.225   58.2688   21.2269     104.1      4.25   88.7111   108.261         0         0   
    3.251     5.319   58.7283    20.987     104.8     4.151   89.3059   109.056         0         0   
    3.314      7.78   59.3215   20.7504       106     4.658   89.8987   109.963         0         0   
    3.376     9.963    59.807   20.5255     107.8     5.368    90.471   110.826         0         0   
    3.439     12.08   60.3165    20.304     108.8     5.801   91.0416   111.736         0         0   
    3.501     14.33   60.6879   20.0927       110     5.913   91.5927   112.611         0         0   
    3.564     16.21   60.9175   19.8852     110.8     5.957   92.1424   113.399         0         0   
    3.626      17.4    61.008   19.6866     111.9     6.024   92.6735    114.02         0         0   
    3.689     17.95   60.7917   19.4916     113.2     6.022   93.2033   114.388         0         0   
    3.751     18.05   60.5577   19.3051     114.3     5.968   93.7154   114.666         0         0   
    3.814        18   60.2424    19.121     114.8     5.845   94.2266    114.88         0         0   
    3.877     17.95   59.8199   18.9429     115.8     5.533   94.7286   115.035         0         0   
    3.939     17.97   59.3756   18.7721     116.3      5.87    95.214    115.18         0         0   
    4.002     18.19   58.8994    18.604     116.7     5.649   95.6988   115.345         0         0   
    4.064      18.4   58.6452   18.4426     117.2     5.172   96.1676   115.612         0         0   
    4.127     18.73   58.3415   18.2836     117.5     5.133   96.6358   115.876         0         0   
    4.189     19.29   58.0885   18.1309     118.3     5.236   97.0888   116.195         0         0   
    4.252     20.02   57.9158   17.9798     119.1     5.377   97.5414   116.587         0         0   
    4.314     20.62   57.6327   17.8355     119.2     5.942   97.9794   116.896         0         0   
    4.377     21.05   57.1461   17.6921     119.5     6.878    98.417    117.08         0         0   
    4.439     21.34   56.9343    17.555     120.6     7.367   98.8406   117.365         0         0   
    4.502      21.3   56.5859   17.4187     120.4     7.718   99.2641   117.526         0         0   
    4.564     21.41   56.1785   17.2883     120.5     7.834    99.674   117.678         0         0   
    4.627     21.91   55.8331   17.1584     121.2     7.553   100.084   117.935         0         0   
    4.689     22.39   55.3895   17.0337     121.4     7.463   100.481   118.135         0         0   
    4.752     22.25    55.084   16.9104     121.7     6.861   100.878   118.286         0         0   
    4.814     21.82   54.8167   16.7912     122.2     6.338   101.262   118.393         0         0   
    4.877     22.14   54.6019   16.6733     122.7     6.054   101.646   118.666         0         0   
    4.939     22.95   54.3799   16.5595     123.5      5.87   102.019   119.021         0         0   
    5.002     23.44   54.0377   16.4463     124.4     5.873   102.391   119.264         0         0   
    5.064     23.72   53.7762   16.3377     125.1     5.817   102.752   119.497         0         0   
    5.127     24.13    53.562   16.2293     125.9     5.933   103.113   119.779         0         0   
     5.19     24.52   53.2585   16.1234     125.9     6.142   103.469   120.015         0         0   
    5.252     24.58   52.9905   16.0211     126.1     6.468   103.814   120.192         0         0   
    5.315     24.42   52.6625   15.9195     125.8     6.591   104.159     120.3         0         0   
    5.377     24.57   52.3889   15.8212     126.1     6.455   104.493   120.488         0         0   
     5.44     24.78   52.3242   15.7232     126.3      6.02   104.827    120.78         0         0   
    5.502     24.64   51.9571    15.629     125.9     5.658   105.152   120.863         0         0   
    5.565     24.61   51.6252   15.5347     125.4     5.887   105.477   120.985         0         0   
    5.627     24.71    51.531    15.444       126     5.944   105.792   121.229         0         0   
     5.69     24.58   51.3437   15.3531       126     5.919   106.107   121.387         0         0   
    5.752     24.42   51.1281   15.2657     125.5     5.909   106.413    121.52         0         0   
    5.815     24.33   51.2144   15.1781     125.1     5.917   106.719   121.796         0         0   
    5.877     24.33   51.1969   15.0935     125.4     5.576   107.016   122.038         0         0   
     5.94     24.55   50.9601   15.0092     125.7     5.371   107.313   122.234         0         0   
    6.002     24.74    50.779   14.9275     125.9     5.086   107.602    122.44         0         0   
    6.065     24.72   50.4657   14.8461     126.9     4.891   107.891   122.551         0         0   
    6.127     24.84   50.2064   14.7671     127.4     4.766   108.171   122.706         0         0   
     6.19     25.22   50.0428   14.6881       127     4.889   108.452   122.955         0         0   
    6.252     25.49   49.8704    14.612     127.5     4.936   108.725   123.172         0         0   
    6.315     25.55   49.7182   14.5355     128.1     4.844   108.998   123.355         0         0   
    6.377     25.73   49.5456   14.4618     128.6     4.853   109.262   123.549         0         0   
     6.44     25.95   49.3972   14.3877     128.1     4.911   109.528   123.761         0         0   
    6.503     25.94   49.2452   14.3152     127.3     4.831    109.79   123.922         0         0   
    6.565     25.83   49.1452   14.2445       127     4.735   110.044   124.076         0         0   
    6.628     25.74   49.0811   14.1739     126.6     4.931   110.298    124.25         0         0   
     6.69     25.58   48.9034   14.1056     126.7      4.76   110.545   124.359         0         0   
    6.753      25.4   48.6337   14.0371     126.8     4.815   110.793   124.429         0         0   
    6.815      25.5   48.5728   13.9709     126.7     4.774   111.033   124.632         0         0   
    6.878     25.78   48.5735   13.9043     126.8     4.638   111.274   124.897         0         0   
     6.94     26.17   48.4922     13.84     126.8     4.775   111.508   125.148         0         0   
    7.003     26.53   48.3337   13.7754     126.9     4.565   111.743   125.364         0         0   
    7.065     26.81   48.1322   13.7127     126.5     4.618   111.971   125.543         0         0   
    7.128      27.1    47.797     13.65       126     4.804   112.199   125.674         0         0   
     7.19     27.48   47.7517   13.5891     126.3     4.816    112.42    125.93         0         0   
    7.253     27.86   47.7789   13.5282     126.7     4.753   112.643   126.216         0         0   
    7.315     28.21   47.5171   13.4688     126.2     4.775   112.858   126.381         0         0   
    7.378     28.52   47.4985   13.4094     126.1     4.523   113.075    126.63         0         0   
     7.44     28.78   47.3968   13.3518     126.4     4.326   113.285   126.833         0         0   
    7.503     28.93     47.11   13.2939     126.6     4.346   113.496   126.942         0         0   
    7.565     29.07   46.9401   13.2378     127.1     4.361     113.7   127.088         0         0   
    7.628     29.09    46.662   13.1814     127.7     4.569   113.906   127.168         0         0   
     7.69     29.09   46.4418   13.1268     128.1     4.667   114.105   127.261         0         0   
    7.753     29.45   46.2986   13.0718     127.9     4.857   114.305   127.465         0         0   
    7.816      29.8   45.9884   13.0176     128.3     4.623   114.502   127.605         0         0   
    7.878     29.85   45.7547   12.9649     128.1     4.432   114.694     127.7         0         0   
    7.941     30.16   45.6135    12.912     127.4     4.429   114.886    127.89         0         0   
    8.003     30.45   45.3479   12.8607     127.8     4.099   115.073   128.026         0         0   
    8.066     30.25   45.2459    12.809     128.3     3.842    115.26   128.106         0         0   
    8.128     30.01   45.1016   12.7589     128.5     4.034   115.442   128.158         0         0   
    8.191     29.91   44.7586   12.7086     128.7     4.137   115.625   128.174         0         0   
    8.253     29.83   44.5176   12.6596     129.1     4.092   115.802   128.226         0         0   
    8.316     30.01    44.321   12.6104     129.2     4.198    115.98   128.356         0         0   
    8.378     30.46   44.1876   12.5626     129.2     4.378   116.153   128.568         0         0   
    8.441     30.74   44.1469   12.5146     129.3     4.586   116.326   128.772         0         0   
    8.503     30.67    43.904   12.4678     129.4      4.73   116.495   128.821         0         0   
    8.566      30.6    43.535   12.4209     129.3     4.858   116.664   128.827         0         0   
    8.628     30.64   43.4402   12.3752     129.2     4.982   116.828   128.949         0         0   
    8.691     30.74   43.2946   12.3294     128.9     5.176   116.993   129.069         0         0   
    8.753     30.99   43.2067   12.2847     128.9     5.194   117.153    129.24         0         0   
    8.816     31.33   43.1239   12.2398     128.3     5.104   117.314   129.436         0         0   
    8.878     31.65   42.8562   12.1962     128.5     4.761   117.471   129.563         0         0   
    8.941     31.84   42.6098   12.1523     128.4     4.699   117.627   129.666         0         0   
    9.003     31.79    42.543   12.1095     128.5     4.662    117.78   129.766         0         0   
    9.066     31.81   42.4205   12.0666       128     4.809   117.933   129.866         0         0   
    9.129     31.83    42.354    12.024     127.8     4.859   118.084   129.982         0         0   
    9.191     31.78    42.268   11.9827     127.5      4.51    118.23   130.071         0         0   
    9.254     31.77   42.0241    11.941       128     4.462   118.378    130.12         0         0   
    9.316     31.75   41.8973   11.9005     128.2     4.679   118.521   130.201         0         0   
    9.379     31.81   41.8227   11.8598     127.9     4.566   118.665   130.319         0         0   
    9.441     31.94   41.7254     11.82     127.7     4.504   118.804   130.443         0         0   
    9.504     32.15   41.6172   11.7802     127.8     5.378   118.944   130.584         0         0   
    9.566     32.51   41.4141   11.7413     127.7     4.901   119.081   130.729         0         0   
    9.629     32.88   41.1464   11.7022     127.5     4.363   119.217   130.858         0         0   
    9.691     33.05   41.0217    11.664     127.6      4.31    119.35    130.98         0         0   
    9.754     33.09   40.9258   11.6256     127.7       4.3   119.484   131.078         0         0   
    9.816     33.09   40.8321   11.5883     127.6     4.438   119.613   131.164         0         0   
    9.879     33.48   40.7294   11.5507     127.3     4.651   119.744   131.346         0         0   
    9.941     34.02   40.4871    11.514     127.4     4.704    119.87   131.522         0         0   
       10     34.27   40.2849   11.4794     127.3     4.688   119.989    131.63         0         0   
    10.07     34.41   40.1782   11.4389     127.3     4.423   120.129   131.758         0         0   
    10.13     34.35   40.0968   11.4045     127.2     4.441   120.247   131.822         0         0   
    10.19     34.23   40.0106   11.3703     127.4     4.289   120.363   131.868         0         0   
    10.25     34.33   39.8853   11.3365     127.7     4.188   120.479   131.958         0         0   
    10.32     34.69   39.6086   11.2974       128     3.976   120.611   132.087         0         0   
    10.38     35.08   39.4595   11.2642     128.1     3.966   120.724   132.245         0         0   
    10.44     35.34   39.3826   11.2314     128.3     3.959   120.835    132.39         0         0   
     10.5     35.34   39.3089   11.1988     128.2     3.995   120.945   132.466         0         0   
    10.57     35.48   39.2161   11.1611     128.6     3.833   121.071   132.588         0         0   
    10.63     35.76   39.0166   11.1292       129      3.64   121.178   132.699         0         0   
    10.69     35.93   38.8017   11.0975     129.8     3.548   121.284   132.776         0         0   
    10.75     36.03   38.6949   11.0661     130.1     3.622   121.389   132.865         0         0   
    10.82      36.1   38.6256   11.0297     130.3     3.611   121.509   132.971         0         0   
    10.88      36.3   38.5469   10.9988     130.4     3.543   121.611   133.093         0         0   
    10.94     36.55   38.4539   10.9682     130.4     4.284   121.712   133.224         0         0   
       11     36.66   38.2322   10.9379     130.5     4.247   121.812   133.279         0         0   
    11.07      36.7   38.0372   10.9028     130.8     3.351   121.927   133.337         0         0   
    11.13     36.74   37.9541    10.873     130.6      3.38   122.024   133.411         0         0   
    11.19     36.89   37.9062   10.8435     130.6     3.313    122.12   133.524         0         0   
    11.25     37.14   37.8334   10.8142     130.9     3.134   122.215   133.657         0         0   
    11.32     37.25   37.6788   10.7803     131.1     3.106   122.324   133.741         0         0   
    11.38     37.34   37.4674   10.7515     130.8      3.13   122.417   133.789         0         0   
    11.44     37.35   37.3331   10.7229     130.7      3.19   122.508   133.836         0         0   
     11.5     37.32   37.2583   10.6946     130.5      3.18   122.599   133.887         0         0   
    11.57     37.31   37.2033   10.6619     130.8     3.166   122.703   133.962         0         0   
    11.63     37.38   37.1281    10.634     130.9      3.89   122.791   134.039         0         0   
    11.69     37.53   36.9539   10.6063     131.3     3.023   122.879   134.111         0         0   
    11.75     37.66   36.7704   10.5789     131.5     2.965   122.965   134.174         0         0   
    11.82     37.71    36.648   10.5473     131.5     3.053   123.064   134.243         0         0   
    11.88     37.68   36.5837   10.5203     131.7     3.169   123.148   134.292         0         0   
    11.94     37.57   36.5527   10.4935       132      3.13   123.231   134.327         0         0   
       12     37.54   36.4581    10.467     131.8     3.131   123.314   134.366         0         0   
    12.07     37.45   36.2411   10.4363     132.2     3.164   123.408   134.367         0         0   
    12.13     37.36   36.0897   10.4102     133.1     3.324   123.488   134.373         0         0   
    12.19      37.4   36.0093   10.3842     133.1     3.218   123.568   134.433         0         0   
    12.25     37.48   35.9462   10.3585     133.3     3.178   123.646   134.508         0         0   
    12.32     37.44   35.9074   10.3288     132.9     3.189   123.736   134.568         0         0   
    12.38      37.5   35.7801   10.3034     132.5      3.04   123.813   134.619         0         0   
    12.44     37.64   35.5998   10.2783     132.9     3.948   123.888   134.677         0         0   
     12.5     37.71   35.4721   10.2534     133.3     3.372   123.963    134.73         0         0   
    12.57     37.73   35.3899   10.2245     133.4      3.39   124.049   134.791         0         0   
    12.63     37.71   35.3763   10.1999     133.1     3.353   124.121   134.847         0         0   
    12.69     37.62   35.3019   10.1756     133.2     3.488   124.193   134.867         0         0   
    12.75     37.55   35.1477   10.1514     133.1     3.537   124.264    134.87         0         0   
    12.82      37.4   34.9643   10.1233     133.9     3.615   124.346   134.854         0         0   
    12.88     37.36   34.8709   10.0996     133.3     6.303   124.416   134.881         0         0   
    12.94     37.46   34.8083   10.0759     133.4     3.781   124.484   134.954         0         0   
    13.01     37.46   34.7902   10.0485     133.9     3.714   124.563    135.02         0         0   
    13.07     37.29   34.6927   10.0252     134.2     4.379    124.63   135.008         0         0   
    13.13     37.17    34.524   10.0021     134.9      4.65   124.696   134.991         0         0   
    13.19     37.17   34.3865   9.97909       135     4.179   124.761   135.015         0         0   
    13.26     37.11   34.2986   9.95255     134.1      4.45   124.836   135.043         0         0   
    13.32     37.05    34.244   9.92988     134.3      4.59     124.9    135.07         0         0   
    13.38     36.95   34.2353   9.90738     134.3     4.576   124.963   135.097         0         0   
    13.44     36.89   34.1185   9.88505     135.4     4.159   125.025   135.107         0         0   
    13.51     36.99   33.9392   9.85918     136.5     4.006   125.096   135.153         0         0   
    13.57      37.1     33.83   9.83719     136.8     4.374   125.157   135.211         0         0   
    13.63     37.15   33.7648   9.81537     137.4     3.889   125.217   135.262         0         0   
    13.69     37.29   33.7109   9.79363     137.8     4.052   125.276    135.34         0         0   
    13.76     37.51    33.684   9.76852     138.5     4.291   125.344   135.456         0         0   
    13.82     37.59    33.536   9.74712     139.4     4.718   125.402   135.493         0         0   
    13.88      37.5   33.4041   9.72588     139.1     4.675   125.459   135.487         0         0   
    13.94     37.51   33.3135   9.70473     139.9     5.065   125.515   135.518         0         0   
    14.01     37.61   33.2458    9.6803     141.2     4.729    125.58   135.587         0         0   
    14.07      37.5    33.254   9.65948     142.4     4.556   125.635   135.608         0         0   
    14.13     37.29   33.1651   9.63876     142.9       4.8   125.689   135.577         0         0   
    14.19     37.26   33.0168    9.6182     143.9     4.446   125.743   135.581         0         0   
    14.26      37.3   32.8771   9.59444     141.4     4.846   125.804   135.613         0         0   
    14.32     37.27   32.8092   9.57413     142.1     4.415   125.857   135.636         0         0   
    14.38     37.16    32.758   9.55399     141.6      4.61   125.908    135.64         0         0   
    14.44     37.11   32.7667   9.53402     141.1     6.545   125.959   135.674         0         0   
    14.51     37.15   32.6344   9.51076     139.8     4.895   126.018   135.706         0         0   
    14.57      37.2   32.5024   9.49105     140.8     4.557   126.068   135.733         0         0   
    14.63     37.18   32.3994   9.47141     140.3      4.94   126.117   135.747         0         0   
    14.69     37.16    32.338   9.45195     139.7     4.891   126.165    135.77         0         0   
    14.76     37.13   32.2835   9.42937     140.2     4.893   126.221     135.8         0         0   
    14.82     36.98   32.2788   9.41007     139.7     4.545   126.268     135.8         0         0   
    14.88     36.88   32.1474   9.39094     139.5     4.288   126.315   135.784         0         0   
    14.94     36.88   32.0305   9.37199     138.5     4.278   126.361   135.798         0         0   
    15.01     37.01   31.9335   9.34999     137.3     4.754   126.414   135.858         0         0   
    15.07      37.2   31.8802    9.3312     138.3     4.406   126.459   135.938         0         0   
    15.13     37.35   31.8346   9.31258       141     3.761   126.503   136.008         0         0   
    15.19     37.39   31.8203   9.29404     141.6     3.656   126.547   136.055         0         0   
    15.26     37.35   31.6702   9.27256     140.7     3.531   126.597   136.055         0         0   
    15.32     37.32   31.5624   9.25427     139.5     3.432    126.64    136.06         0         0   
    15.38      37.3   31.4981   9.23607     140.6     3.371   126.682   136.077         0         0   
    15.44     37.26   31.4493   9.21795     139.5     3.475   126.724   136.093         0         0   
    15.51     37.24   31.4587   9.19706     138.7     3.367   126.771   136.132         0         0   
    15.57     37.18   31.3508   9.17919     139.5     3.159   126.812   136.128         0         0   
    15.63     37.06   31.2337   9.16142     141.1      3.13   126.852   136.104         0         0   
    15.69     36.92   31.1364    9.1438       140     3.084   126.891   136.079         0         0   
    15.76     36.73   31.0719   9.12333     140.1     3.011   126.937   136.054         0         0   
    15.82     36.58   31.0295   9.10597     140.9     2.845   126.975   136.039         0         0   
    15.88     36.45   31.0375   9.08861     140.9     2.843   127.013    136.04         0         0   
    15.94     36.39   30.9198   9.07142     140.5     3.088    127.05   136.031         0         0   
    16.01     36.26   30.7987   9.05145     139.6     2.813   127.093   136.007         0         0   
    16.07     36.16   30.7229   9.03443     138.2     3.083    127.13   135.997         0         0   
    16.13     36.14   30.6731    9.0175     136.5     4.838   127.166   136.012         0         0   
    16.19     36.24   30.6335   9.00064     135.9     4.495   127.201   136.062         0         0   
    16.26     36.27   30.6121   8.98118     135.3     4.074   127.242   136.102         0         0   
    16.32     36.23   30.4965   8.96458     136.1     5.706   127.276   136.097         0         0   
    16.38     36.15   30.3989   8.94798     136.3     4.518    127.31   136.084         0         0   
    16.44     36.02   30.3363   8.93155     135.7     4.072   127.344   136.066         0         0   
    16.51     35.79   30.2848   8.91251     135.5     3.552   127.383   136.029         0         0   
    16.57      35.6   30.2463   8.89633     135.5     3.318   127.415       136         0         0   
    16.63     35.44   30.2132   8.88015     135.1      3.64   127.448    135.98         0         0   
    16.69     35.34   30.1083   8.86406     134.9     2.521   127.479   135.959         0         0   
    16.76      35.2   30.0068   8.84543     134.3      2.02   127.516   135.934         0         0   
    16.82     35.05   29.9581   8.82959     134.4     1.982   127.547   135.912         0         0   
    16.88     34.93   29.9177   8.81375     135.4     1.907   127.577     135.9         0         0   
    16.94     34.87   29.9357   8.79808     134.5     1.987   127.607   135.916         0         0   
    17.01     34.91   29.8115   8.77988     133.7      2.03   127.642    135.93         0         0   
    17.07        35   29.7211   8.76437     133.2     2.648   127.671    135.96         0         0   
    17.13     35.08   29.6486   8.74887     133.2     2.348     127.7    135.99         0         0   
    17.19     35.09   29.6021   8.73354       134     2.946   127.728   136.009         0         0   
    17.26        35   29.5601   8.71576     134.3     4.443   127.761   136.006         0         0   
    17.32     34.97   29.5551    8.7005     135.5     5.942   127.788   136.022         0         0   
    17.38     34.93   29.4516   8.68542     135.3     5.264   127.815   136.014         0         0   
    17.44     34.89   29.3651   8.67042     134.2     4.969   127.842   136.009         0         0   
    17.51     34.82    29.297   8.65298     134.6     4.842   127.873   136.004         0         0   
    17.57     34.74   29.2558   8.63815     135.9     3.963   127.899   135.998         0         0   
    17.63     34.62   29.2229   8.62332     137.3     4.521   127.924   135.984         0         0   
    17.69     34.59   29.2019   8.60866     137.5     5.241    127.95   135.994         0         0   
    17.76     34.54   29.0947   8.59155     138.6     5.564   127.979   135.985         0         0   
    17.82     34.53   29.0149   8.57698     137.1     5.836   128.003   135.987         0         0   
    17.88     34.48   28.9698   8.56257     136.9     5.429   128.027   135.987         0         0   
    17.94     34.49   28.9335   8.54816     137.2      5.07   128.051   136.003         0         0   
    18.01     34.48   28.8959   8.53148     138.5     4.721   128.078   136.017         0         0   
