!# Results of ROTMAS saved at 15-Oct-2007 (14:26:46)
!# User velocity         : Vu=SQRT(4*{PI}*4.321*RHO*RC*RC*(1-(RC/R)*ATAN(R/RC)))
!# Total velocity        : Vt=SQRT(MG*VG*ABS(VG)+MD*VD*ABS(VD)+MB*VB*ABS(VB)+VU**2)
!# Chi-square            : 225.51
!# Red. Chi-square (N=288,n=2) : 0.788495
!# Parameter name  :           RC         RHO          MB          MD          MG
!# Parameter value :     2.137960    77.870102     1.000000     1.000000     1.000000 
!# Parameter error :     0.053019     3.264340     0.000000     0.000000     0.000000 
!#
!# Radius |  vgas   |  vdisk  |  vbulge |  vobs   | err vobs|   Vu    |   Vt    |   Rxv   |   Vxy   |
!# kpc       km/s      km/s       km/s     km/s     km/s       km/s      km/s       kpc       km/s   
!#===================================================================================================
  0.06252    -0.878   -1.02499   8.48001      1.98     6.926   2.34655   8.69456         0         0   
    0.125    -1.771    4.3281   15.2671     15.78     7.691   4.68799   16.4517         0         0   
   0.1876     -2.74   8.67483   20.6593      22.3     4.584   7.02675   23.3222         0         0   
   0.2501    -3.448   12.4788   25.0145     32.16     4.542    9.3511   29.2746         0         0   
   0.3126    -3.847   16.3667   28.5478     39.67     4.433   11.6614   34.6992         0         0   
   0.3751    -3.736   20.2962   31.4172     46.24     4.892   13.9543    39.746         0         0   
   0.4377    -3.329   23.8107   33.7251     53.31     5.425   16.2304   44.2343         0         0   
   0.5002    -3.488   26.7113   35.5584     59.93     5.252   18.4795   48.0335         0         0   
   0.5627    -3.553   29.2206   37.0013     63.97     4.703   20.7025   51.3703         0         0   
   0.6252    -3.157   31.5918   38.1106     67.31     4.833   22.8968   54.4496         0         0   
   0.6878    -2.552   33.7178   38.9396     71.34     5.217   25.0637   57.2264         0         0   
   0.7503     -1.75   35.8185   39.5237     75.57     5.835    27.194    59.846         0         0   
   0.8128    -1.157   37.7474   39.9044     77.88     5.215   29.2896   62.2396         0         0   
   0.8753    0.9515   39.4341   40.1112     78.48     4.769   31.3488   64.4019         0         0   
   0.9379     1.491    40.838   40.1751     79.11     4.473   33.3734   66.3158         0         0   
        1     -1.75   42.0708   40.1148     79.94     4.478   35.3434   68.0091         0         0   
    1.063    -3.049   43.4268   39.9459     78.37     4.277   37.3018   69.7401         0         0   
    1.125    -3.095   44.7657   39.7025     78.17     5.311   39.1889   71.4594         0         0   
    1.188    -2.711   46.2799   39.3768     80.29     5.612   41.0651   73.2895         0         0   
     1.25    -1.524   48.1188   39.0055     81.05     4.532   42.8706   75.3154         0         0   
    1.313     2.252   50.2186   38.5745     82.24     4.249   44.6633   77.5228         0         0   
    1.376     4.243   52.1542   38.1152     84.09     4.042   46.4139    79.656         0         0   
    1.438     5.631   53.7179   37.6315     84.33     4.746   48.0957    81.527         0         0   
    1.501     5.952   54.9624   37.1196     85.52     5.536   49.7631   83.1296         0         0   
    1.563      5.54   56.0088   36.6004     87.43     6.061   51.3637    84.531         0         0   
    1.626     4.284    56.787   36.0599      89.9     6.303   52.9495   85.7151         0         0   
    1.688     1.864   57.2979   35.5269     91.76      6.55   54.4707   86.6934         0         0   
    1.751    -1.383   57.8176   34.9782     93.15     6.431    55.977   87.7374         0         0   
    1.813     3.054   58.4325   34.4446     93.87     6.196   57.4212    88.923         0         0   
    1.876     4.459   59.0239   33.9024     94.41     5.643   58.8507   90.0915         0         0   
    1.938     4.357   59.5872   33.3773     95.31     5.843   60.2209   91.1604         0         0   
    2.001     4.822   59.9672   32.8501     96.72     5.987   61.5768    92.142         0         0   
    2.063     5.207    60.234   32.3413     98.01      5.72   62.8762   93.0302         0         0   
    2.126     4.209   60.5494    31.835     97.78     6.124   64.1617   93.8837         0         0   
    2.188     2.869   60.8982   31.3474     98.34     6.088   65.3936   94.7407         0         0   
    2.251    0.8887   61.4373   30.8657     96.17     5.947   66.6123   95.7352         0         0   
    2.313    -2.144   61.9436   30.4025     96.39     6.168   67.7802   96.6999         0         0   
    2.376    -2.411    62.251    29.946     98.41     5.719   68.9356   97.5615         0         0   
    2.438    -3.313    62.683   29.5093     98.95      5.65   70.0429   98.4631         0         0   
    2.501    -3.768   63.1256   29.0786     97.96     5.947   71.1385   99.3826         0         0   
    2.563    -1.335    63.439   28.6681     98.02     5.535   72.1886   100.278         0         0   
    2.626     3.758   63.8604   28.2631     97.81     5.436   73.2278   101.259         0         0   
    2.689      4.56   64.2603   27.8725     98.59      4.98   74.2399    102.17         0         0   
    2.751     4.388   64.7653   27.4998     99.98      4.97   75.2103   103.086         0         0   
    2.814     2.929   65.4922    27.134     99.95     5.133   76.1709   104.096         0         0   
    2.876     -3.21   66.3037   26.7852       100     4.688   77.0921   105.102         0         0   
    2.939     -4.77     66.91   26.4428     100.5     4.215   78.0044    106.01         0         0   
    3.001    -5.367   67.5024   26.1168     101.5      3.98   78.8795    106.92         0         0   
    3.064    -5.373   68.0891    25.796     102.3     4.451   79.7464   107.853         0         0   
    3.126    -4.263   68.6553   25.4918     103.4     4.389   80.5783   108.803         0         0   
    3.189     2.225   69.1524   25.1917     104.1      4.25   81.4025   109.763         0         0   
    3.251     5.319   69.6977    24.907     104.8     4.151   82.1937   110.735         0         0   
    3.314      7.78   70.4017   24.6262       106     4.658    82.978   111.842         0         0   
    3.376     9.963   70.9778   24.3593     107.8     5.368   83.7311   112.878         0         0   
    3.439     12.08   71.5825   24.0964     108.8     5.801   84.4778   113.961         0         0   
    3.501     14.33   72.0233   23.8456       110     5.913   85.1951   114.976         0         0   
    3.564     16.21   72.2958   23.5994     110.8     5.957   85.9066   115.872         0         0   
    3.626      17.4   72.4032   23.3637     111.9     6.024   86.5903   116.571         0         0   
    3.689     17.95   72.1465   23.1323     113.2     6.022   87.2687   116.954         0         0   
    3.751     18.05   71.8688   22.9109     114.3     5.968   87.9209   117.243         0         0   
    3.814        18   71.4946   22.6924     114.8     5.845   88.5683   117.451         0         0   
    3.877     17.95   70.9931   22.4811     115.8     5.533   89.2008   117.577         0         0   
    3.939     17.97   70.4659   22.2784     116.3      5.87   89.8091   117.688         0         0   
    4.002     18.19   69.9007   22.0789     116.7     5.649   90.4133   117.809         0         0   
    4.064      18.4   69.5991   21.8873     117.2     5.172   90.9946   118.075         0         0   
    4.127     18.73   69.2386   21.6986     117.5     5.133   91.5722   118.326         0         0   
    4.189     19.29   68.9384   21.5174     118.3     5.236   92.1281   118.639         0         0   
    4.252     20.02   68.7334   21.3381     119.1     5.377   92.6807   119.038         0         0   
    4.314     20.62   68.3974   21.1669     119.2     5.942   93.2128   119.332         0         0   
    4.377     21.05     67.82   20.9967     119.5     6.878   93.7418   119.461         0         0   
    4.439     21.34   67.5686    20.834     120.6     7.367   94.2514   119.743         0         0   
    4.502      21.3   67.1551   20.6722     120.4     7.718   94.7583   119.875         0         0   
    4.564     21.41   66.6716   20.5174     120.5     7.834   95.2466   119.985         0         0   
    4.627     21.91   66.2617   20.3633     121.2     7.553   95.7326   120.208         0         0   
    4.689     22.39   65.7352   20.2153     121.4     7.463    96.201   120.357         0         0   
    4.752     22.25   65.3727   20.0689     121.7     6.861   96.6672   120.482         0         0   
    4.814     21.82   65.0555   19.9275     122.2     6.338   97.1167    120.57         0         0   
    4.877     22.14   64.8005   19.7876     122.7     6.054   97.5643   120.829         0         0   
    4.939     22.95   64.5371   19.6525     123.5      5.87   97.9961   121.166         0         0   
    5.002     23.44   64.1309   19.5182     124.4     5.873   98.4261   121.371         0         0   
    5.064     23.72   63.8206   19.3893     125.1     5.817    98.841   121.578         0         0   
    5.127     24.13   63.5664   19.2606     125.9     5.933   99.2544   121.841         0         0   
     5.19     24.52   63.2062    19.135     125.9     6.142   99.6597   122.043         0         0   
    5.252     24.58   62.8881   19.0135     126.1     6.468   100.051   122.192         0         0   
    5.315     24.42   62.4989    18.893     125.8     6.591   100.441   122.261         0         0   
    5.377     24.57   62.1742   18.7763     126.1     6.455   100.818   122.418         0         0   
     5.44     24.78   62.0974     18.66     126.3      6.02   101.193   122.713         0         0   
    5.502     24.64   61.6617   18.5482     125.9     5.658   101.556   122.747         0         0   
    5.565     24.61   61.2678   18.4363     125.4     5.887   101.918   122.827         0         0   
    5.627     24.71   61.1561   18.3286       126     5.944   102.267   123.066         0         0   
     5.69     24.58   60.9338   18.2208       126     5.919   102.616   123.204         0         0   
    5.752     24.42   60.6779   18.1171     125.5     5.909   102.953   123.312         0         0   
    5.815     24.33   60.7803   18.0131     125.1     5.917    103.29    123.61         0         0   
    5.877     24.33   60.7595   17.9127     125.4     5.576   103.615   123.857         0         0   
     5.94     24.55   60.4785   17.8127     125.7     5.371   103.939    124.02         0         0   
    6.002     24.74   60.2636   17.7157     125.9     5.086   104.253   124.203         0         0   
    6.065     24.72   59.8918   17.6191     126.9     4.891   104.567   124.269         0         0   
    6.127     24.84    59.584   17.5253     127.4     4.766    104.87   124.387         0         0   
     6.19     25.22   59.3899   17.4316       127     4.889   105.173   124.613         0         0   
    6.252     25.49   59.1853   17.3412     127.5     4.936   105.466   124.806         0         0   
    6.315     25.55   59.0046   17.2505     128.1     4.844   105.759   124.967         0         0   
    6.377     25.73   58.7998    17.163     128.6     4.853   106.042   125.136         0         0   
     6.44     25.95   58.6237   17.0751     128.1     4.911   106.325   125.327         0         0   
    6.503     25.94   58.4433    16.989     127.3     4.831   106.604   125.465         0         0   
    6.565     25.83   58.3246   16.9051       127     4.735   106.873   125.605         0         0   
    6.628     25.74   58.2486   16.8213     126.6     4.931   107.143   125.769         0         0   
     6.69     25.58   58.0376   16.7403     126.7      4.76   107.404   125.851         0         0   
    6.753      25.4   57.7176    16.659     126.8     4.815   107.665    125.88         0         0   
    6.815      25.5   57.6453   16.5804     126.7     4.774   107.917   126.073         0         0   
    6.878     25.78   57.6462   16.5014     126.8     4.638    108.17   126.336         0         0   
     6.94     26.17   57.5497   16.4251     126.8     4.775   108.415   126.572         0         0   
    7.003     26.53   57.3616   16.3484     126.9     4.565    108.66   126.761         0         0   
    7.065     26.81   57.1224    16.274     126.5     4.618   108.897   126.906         0         0   
    7.128      27.1   56.7246   16.1996       126     4.804   109.135   126.984         0         0   
     7.19     27.48   56.6709   16.1273     126.3     4.816   109.365    127.23         0         0   
    7.253     27.86   56.7031    16.055     126.7     4.753   109.596   127.516         0         0   
    7.315     28.21   56.3924   15.9845     126.2     4.775   109.819   127.639         0         0   
    7.378     28.52   56.3703    15.914     126.1     4.523   110.043   127.881         0         0   
     7.44     28.78   56.2497   15.8457     126.4     4.326   110.259   128.065         0         0   
    7.503     28.93   55.9093    15.777     126.6     4.346   110.477   128.128         0         0   
    7.565     29.07   55.7077   15.7104     127.1     4.361   110.687   128.245         0         0   
    7.628     29.09   55.3776   15.6435     127.7     4.569   110.898   128.281         0         0   
     7.69     29.09   55.1163   15.5787     128.1     4.667   111.102   128.337         0         0   
    7.753     29.45   54.9463   15.5134     127.9     4.857   111.307   128.516         0         0   
    7.816      29.8   54.5782    15.449     128.3     4.623   111.509   128.607         0         0   
    7.878     29.85   54.3009   15.3865     128.1     4.432   111.705   128.664         0         0   
    7.941     30.16   54.1333   15.3237     127.4     4.429   111.902   128.829         0         0   
    8.003     30.45   53.8181   15.2628     127.8     4.099   112.092   128.923         0         0   
    8.066     30.25    53.697   15.2015     128.3     3.842   112.283   128.984         0         0   
    8.128     30.01   53.5258    15.142     128.5     4.034   112.468   129.012         0         0   
    8.191     29.91   53.1187   15.0823     128.7     4.137   112.654   128.975         0         0   
    8.253     29.83   52.8327   15.0242     129.1     4.092   112.834    128.99         0         0   
    8.316     30.01   52.5994   14.9658     129.2     4.198   113.015   129.088         0         0   
    8.378     30.46    52.441   14.9091     129.2     4.378   113.191   129.276         0         0   
    8.441     30.74   52.3927   14.8521     129.3     4.586   113.366    129.47         0         0   
    8.503     30.67   52.1045   14.7966     129.4      4.73   113.537   129.481         0         0   
    8.566      30.6   51.6666   14.7409     129.3     4.858   113.709   129.432         0         0   
    8.628     30.64    51.554   14.6867     129.2     4.982   113.875   129.537         0         0   
    8.691     30.74   51.3812   14.6323     128.9     5.176   114.042   129.633         0         0   
    8.753     30.99   51.2769   14.5793     128.9     5.194   114.204   129.788         0         0   
    8.816     31.33   51.1786    14.526     128.3     5.104   114.367   129.968         0         0   
    8.878     31.65   50.8609   14.4742     128.5     4.761   114.525   130.054         0         0   
    8.941     31.84   50.5685   14.4221     128.4     4.699   114.684    130.12         0         0   
    9.003     31.79   50.4893   14.3713     128.5     4.662   114.838   130.208         0         0   
    9.066     31.81   50.3439   14.3204       128     4.809   114.992   130.287         0         0   
    9.129     31.83   50.2649   14.2699     127.8     4.859   115.145   130.391         0         0   
    9.191     31.78   50.1629   14.2208     127.5      4.51   115.294   130.465         0         0   
    9.254     31.77   49.8734   14.1714       128     4.462   115.442   130.478         0         0   
    9.316     31.75    49.723   14.1233     128.2     4.679   115.587   130.539         0         0   
    9.379     31.81   49.6344    14.075     127.9     4.566   115.733   130.643         0         0   
    9.441     31.94   49.5189   14.0278     127.7     4.504   115.874   130.751         0         0   
    9.504     32.15   49.3905   13.9805     127.8     5.378   116.016   130.875         0         0   
    9.566     32.51   49.1495   13.9343     127.7     4.901   116.154    130.99         0         0   
    9.629     32.88   48.8318   13.8879     127.5     4.363   116.292   131.082         0         0   
    9.691     33.05   48.6838   13.8426     127.6      4.31   116.427   131.184         0         0   
    9.754     33.09     48.57   13.7971     127.7       4.3   116.562   131.267         0         0   
    9.816     33.09   48.4588   13.7528     127.6     4.438   116.694   131.339         0         0   
    9.879     33.48   48.3369   13.7081     127.3     4.651   116.826   131.505         0         0   
    9.941     34.02   48.0494   13.6646     127.4     4.704   116.955   131.648         0         0   
       10     34.27   47.8094   13.6236     127.3     4.688   117.076   131.729         0         0   
    10.07     34.41   47.6828   13.5755     127.3     4.423   117.218   131.841         0         0   
    10.13     34.35   47.5861   13.5346     127.2     4.441   117.338   131.893         0         0   
    10.19     34.23   47.4838   13.4941     127.4     4.289   117.457   131.926         0         0   
    10.25     34.33   47.3352    13.454     127.7     4.188   117.574   131.999         0         0   
    10.32     34.69   47.0068   13.4076       128     3.976    117.71   132.092         0         0   
    10.38     35.08   46.8298   13.3682     128.1     3.966   117.825   132.231         0         0   
    10.44     35.34   46.7386   13.3292     128.3     3.959   117.938   132.365         0         0   
     10.5     35.34   46.6511   13.2905     128.2     3.995   118.051    132.43         0         0   
    10.57     35.48    46.541   13.2458     128.6     3.833    118.18    132.54         0         0   
    10.63     35.76   46.3042   13.2079       129      3.64    118.29   132.627         0         0   
    10.69     35.93   46.0492   13.1703     129.8     3.548   118.399   132.677         0         0   
    10.75     36.03   45.9224    13.133     130.1     3.622   118.507   132.753         0         0   
    10.82      36.1   45.8401   13.0898     130.3     3.611   118.631    132.85         0         0   
    10.88      36.3   45.7467   13.0532     130.4     3.543   118.736   132.963         0         0   
    10.94     36.55   45.6364   13.0169     130.4     4.284    118.84   133.083         0         0   
       11     36.66   45.3733   12.9809     130.5     4.247   118.943   133.112         0         0   
    11.07      36.7   45.1418   12.9393     130.8     3.351   119.063   133.146         0         0   
    11.13     36.74   45.0432   12.9039     130.6      3.38   119.163   133.211         0         0   
    11.19     36.89   44.9864   12.8689     130.6     3.313   119.263   133.319         0         0   
    11.25     37.14      44.9   12.8341     130.9     3.134   119.362   133.445         0         0   
    11.32     37.25   44.7165   12.7939     131.1     3.106   119.476   133.512         0         0   
    11.38     37.34   44.4656   12.7597     130.8      3.13   119.573   133.537         0         0   
    11.44     37.35   44.3062   12.7258     130.7      3.19   119.669   133.569         0         0   
     11.5     37.32   44.2175   12.6922     130.5      3.18   119.764   133.613         0         0   
    11.57     37.31   44.1522   12.6533     130.8     3.166   119.874   133.683         0         0   
    11.63     37.38    44.063   12.6202     130.9      3.89   119.967   133.754         0         0   
    11.69     37.53   43.8562   12.5874     131.3     3.023   120.059   133.807         0         0   
    11.75     37.66   43.6384   12.5549     131.5     2.965    120.15   133.852         0         0   
    11.82     37.71   43.4932   12.5173     131.5     3.053   120.255   133.909         0         0   
    11.88     37.68   43.4169   12.4853     131.7     3.169   120.345   133.953         0         0   
    11.94     37.57   43.3801   12.4535       132      3.13   120.433   133.987         0         0   
       12     37.54   43.2678    12.422     131.8     3.131   120.521   134.018         0         0   
    12.07     37.45   43.0103   12.3856     132.2     3.164   120.622   133.998         0         0   
    12.13     37.36   42.8306   12.3546     133.1     3.324   120.708    133.99         0         0   
    12.19      37.4   42.7352   12.3238     133.1     3.218   120.793   134.044         0         0   
    12.25     37.48   42.6603   12.2933     133.3     3.178   120.878   134.116         0         0   
    12.32     37.44   42.6143    12.258     132.9     3.189   120.975   134.175         0         0   
    12.38      37.5   42.4632   12.2279     132.5      3.04   121.058   134.216         0         0   
    12.44     37.64   42.2492   12.1981     132.9     3.948    121.14   134.259         0         0   
     12.5     37.71   42.0977   12.1685     133.3     3.372   121.221   134.301         0         0   
    12.57     37.73   42.0001   12.1343     133.4      3.39   121.315   134.358         0         0   
    12.63     37.71   41.9839   12.1051     133.1     3.353   121.394   134.416         0         0   
    12.69     37.62   41.8956   12.0762     133.2     3.488   121.473   134.432         0         0   
    12.75     37.55   41.7127   12.0475     133.1     3.537   121.551   134.424         0         0   
    12.82      37.4    41.495   12.0142     133.9     3.615   121.642   134.394         0         0   
    12.88     37.36   41.3842    11.986     133.3     6.303   121.719   134.415         0         0   
    12.94     37.46   41.3099   11.9579     133.4     3.781   121.795   134.487         0         0   
    13.01     37.46   41.2884   11.9254     133.9     3.714   121.883   134.557         0         0   
    13.07     37.29   41.1727   11.8977     134.2     4.379   121.957   134.539         0         0   
    13.13     37.17   40.9725   11.8703     134.9      4.65   122.031    134.51         0         0   
    13.19     37.17   40.8093    11.843       135     4.179   122.105   134.524         0         0   
    13.26     37.11   40.7049   11.8115     134.1      4.45   122.189    134.55         0         0   
    13.32     37.05   40.6402   11.7846     134.3      4.59   122.262   134.577         0         0   
    13.38     36.95   40.6298   11.7579     134.3     4.576   122.333   134.609         0         0   
    13.44     36.89   40.4912   11.7314     135.4     4.159   122.404   134.613         0         0   
    13.51     36.99   40.2784   11.7007     136.5     4.006   122.486   134.649         0         0   
    13.57      37.1   40.1488   11.6746     136.8     4.374   122.555   134.701         0         0   
    13.63     37.15   40.0715   11.6487     137.4     3.889   122.624   134.752         0         0   
    13.69     37.29   40.0075   11.6229     137.8     4.052   122.693   134.832         0         0   
    13.76     37.51   39.9756   11.5931     138.5     4.291   122.772   134.953         0         0   
    13.82     37.59   39.7999   11.5677     139.4     4.718   122.839   134.982         0         0   
    13.88      37.5   39.6434   11.5425     139.1     4.675   122.905    134.97         0         0   
    13.94     37.51   39.5358   11.5174     139.9     5.065   122.972   134.999         0         0   
    14.01     37.61   39.4555   11.4884     141.2     4.729   123.048    135.07         0         0   
    14.07      37.5   39.4652   11.4637     142.4     4.556   123.113     135.1         0         0   
    14.13     37.29   39.3597   11.4391     142.9       4.8   123.177   135.067         0         0   
    14.19     37.26   39.1837   11.4147     143.9     4.446   123.241   135.064         0         0   
    14.26      37.3   39.0179   11.3865     141.4     4.846   123.315   135.092         0         0   
    14.32     37.27   38.9374   11.3624     142.1     4.415   123.378   135.116         0         0   
    14.38     37.16   38.8766   11.3385     141.6      4.61    123.44   135.123         0         0   
    14.44     37.11   38.8869   11.3148     141.1     6.545   123.502   135.167         0         0   
    14.51     37.15   38.7299   11.2872     139.8     4.895   123.573   135.196         0         0   
    14.57      37.2   38.5733   11.2638     140.8     4.557   123.634   135.218         0         0   
    14.63     37.18    38.451   11.2405     140.3      4.94   123.695   135.231         0         0   
    14.69     37.16   38.3782   11.2174     139.7     4.891   123.754   135.258         0         0   
    14.76     37.13   38.3135   11.1906     140.2     4.893   123.824   135.292         0         0   
    14.82     36.98   38.3079   11.1677     139.7     4.545   123.882   135.302         0         0   
    14.88     36.88   38.1519    11.145     139.5     4.288   123.941   135.282         0         0   
    14.94     36.88   38.0132   11.1225     138.5     4.278   123.999   135.294         0         0   
    15.01     37.01   37.8981   11.0964     137.3     4.754   124.066   135.357         0         0   
    15.07      37.2   37.8348   11.0741     138.3     4.406   124.123   135.441         0         0   
    15.13     37.35   37.7807    11.052       141     3.761   124.179   135.518         0         0   
    15.19     37.39   37.7638     11.03     141.6     3.656   124.235   135.574         0         0   
    15.26     37.35   37.5856   11.0045     140.7     3.531     124.3    135.57         0         0   
    15.32     37.32   37.4577   10.9828     139.5     3.432   124.355   135.576         0         0   
    15.38      37.3   37.3814   10.9612     140.6     3.371    124.41   135.598         0         0   
    15.44     37.26   37.3235   10.9397     139.5     3.475   124.465   135.619         0         0   
    15.51     37.24   37.3346   10.9149     138.7     3.367   124.528   135.672         0         0   
    15.57     37.18   37.2066   10.8937     139.5     3.159   124.581   135.668         0         0   
    15.63     37.06   37.0676   10.8726     141.1      3.13   124.634   135.644         0         0   
    15.69     36.92   36.9521   10.8517       140     3.084   124.687   135.621         0         0   
    15.76     36.73   36.8756   10.8274     140.1     3.011   124.748   135.603         0         0   
    15.82     36.58   36.8253   10.8068     140.9     2.845     124.8   135.595         0         0   
    15.88     36.45   36.8347   10.7862     140.9     2.843   124.852   135.609         0         0   
    15.94     36.39    36.695   10.7658     140.5     3.088   124.903     135.6         0         0   
    16.01     36.26   36.5513   10.7421     139.6     2.813   124.962   135.579         0         0   
    16.07     36.16   36.4614   10.7219     138.2     3.083   125.012   135.573         0         0   
    16.13     36.14   36.4023   10.7018     136.5     4.838   125.063   135.596         0         0   
    16.19     36.24   36.3553   10.6818     135.9     4.495   125.112   135.655         0         0   
    16.26     36.27   36.3299   10.6587     135.3     4.074    125.17   135.707         0         0   
    16.32     36.23   36.1927    10.639     136.1     5.706   125.219   135.703         0         0   
    16.38     36.15   36.0768   10.6193     136.3     4.518   125.267   135.695         0         0   
    16.44     36.02   36.0026   10.5998     135.7     4.072   125.315   135.683         0         0   
    16.51     35.79   35.9415   10.5772     135.5     3.552   125.371   135.656         0         0   
    16.57      35.6   35.8957    10.558     135.5     3.318   125.419   135.636         0         0   
    16.63     35.44   35.8565   10.5388     135.1      3.64   125.466   135.626         0         0   
    16.69     35.34    35.732   10.5197     134.9     2.521   125.513   135.609         0         0   
    16.76      35.2   35.6115   10.4976     134.3      2.02   125.567    135.59         0         0   
    16.82     35.05   35.5537   10.4788     134.4     1.982   125.613   135.577         0         0   
    16.88     34.93   35.5058     10.46     135.4     1.907   125.659   135.574         0         0   
    16.94     34.87   35.5272   10.4414     134.5     1.987   125.705   135.605         0         0   
    17.01     34.91   35.3798   10.4198     133.7      2.03   125.758   135.624         0         0   
    17.07        35   35.2724   10.4014     133.2     2.648   125.802    135.66         0         0   
    17.13     35.08   35.1864    10.383     133.2     2.348   125.847   135.698         0         0   
    17.19     35.09   35.1312   10.3648       134     2.946   125.891   135.726         0         0   
    17.26        35   35.0814   10.3437     134.3     4.443   125.943   135.736         0         0   
    17.32     34.97   35.0754   10.3256     135.5     5.942   125.986   135.766         0         0   
    17.38     34.93   34.9526   10.3077     135.3     5.264    126.03   135.763         0         0   
    17.44     34.89     34.85   10.2899     134.2     4.969   126.073   135.765         0         0   
    17.51     34.82   34.7691   10.2692     134.6     4.842   126.123   135.771         0         0   
    17.57     34.74   34.7203   10.2516     135.9     3.963   126.165   135.776         0         0   
    17.63     34.62   34.6812    10.234     137.3     4.521   126.207   135.773         0         0   
    17.69     34.59   34.6563   10.2166     137.5     5.241   126.249   135.797         0         0   
    17.76     34.54    34.529   10.1963     138.6     5.564   126.298   135.795         0         0   
    17.82     34.53   34.4344    10.179     137.1     5.836   126.339   135.806         0         0   
    17.88     34.48   34.3808   10.1619     136.9     5.429    126.38   135.816         0         0   
    17.94     34.49   34.3377   10.1448     137.2      5.07   126.421   135.845         0         0   
    18.01     34.48   34.2931    10.125     138.5     4.721   126.468   135.873         0         0   
