!# Results of ROTMAS saved at 13-Oct-2007 (12:55:56)
!# User velocity         : Vu=SQRT(4*{PI}*4.321*RHO*RC*RC*(1-(RC/R)*ATAN(R/RC)))
!# Total velocity        : Vt=SQRT(MG*VG*ABS(VG)+MD*VD*ABS(VD)+MB*VB*ABS(VB)+VU**2)
!# Chi-square            : 37.8378
!# Red. Chi-square (N=141,n=2) : 0.272214
!# Parameter name  :           RC         RHO          MB          MD          MG
!# Parameter value :     2.025650   298.678986     1.000000     1.000000     1.000000 
!# Parameter error :     0.056688    14.915262     0.000000     0.000000     0.000000 
!#
!# Radius |  vgas   |  vdisk  |  vbulge |  vobs   | err vobs|   Vu    |   Vt    |   Rxv   |   Vxy   |
!# kpc       km/s      km/s       km/s     km/s     km/s       km/s      km/s       kpc       km/s   
!#===================================================================================================
    3.765    -12.21   153.721   185.517     302.2     10.83    167.27   293.048         0         0   
    4.107    -12.69   162.233   177.009     305.8     10.26    173.29   295.838         0         0   
    4.449    -12.86   170.305   169.151     307.8     8.334   178.602   298.913         0         0   
    4.791    -12.97    175.86   161.705     309.3     7.667   183.318   300.853         0         0   
    5.133    -12.91   184.012   155.432     310.9     5.307   187.527    304.99         0         0   
    5.476     -12.6   191.109   149.666     312.8     4.985   191.314   308.812         0         0   
    5.818    -12.38   194.202   144.195       315     5.832   194.718   310.271         0         0   
     6.16    -12.42    197.18   139.554     316.4     6.004   197.801   311.971         0         0   
    6.502    -12.39   200.338   135.274       317     5.832   200.605   313.884         0         0   
    6.845    -12.26   202.723   131.194     318.2     4.808   203.172   315.336         0         0   
    7.187    -12.12   205.879   127.682     320.6     5.478   205.518   317.458         0         0   
    7.529    -12.05   209.314   124.462     321.4       4.1   207.674   319.823         0         0   
    7.871    -12.04   212.111   121.339     321.7     3.858   209.664   321.758         0         0   
    8.214    -11.83   215.199    118.55     322.4      3.74    211.51   323.977         0         0   
    8.556    -11.05     217.6   116.024     322.4     3.695   213.217   325.808         0         0   
    8.898    -9.262   218.468   113.531     322.6     3.764   214.805   326.608         0         0   
     9.24    -6.106   218.627   111.251     323.1     3.669   216.285   326.981         0         0   
    9.583     3.598    218.37   109.185     323.5     3.675   217.672    327.11         0         0   
    9.925     7.124   217.901   107.092     323.3     3.611   218.968   327.028         0         0   
    10.27     9.213   217.832   105.193     323.1       3.5   220.194   327.241         0         0   
    10.61     11.57   217.522   103.482     323.9     4.015   221.329    327.33         0         0   
    10.95     14.19   216.357   101.698     323.6     4.693   222.399   326.826         0         0   
    11.29     16.25   214.819   100.112     322.8     4.423   223.409   326.106         0         0   
    11.64     17.68    213.07   98.6057     321.7     4.351   224.391   325.247         0         0   
    11.98     18.08   211.241   97.0519     320.4      4.48   225.293   324.231         0         0   
    12.32     17.97   209.785   95.6858     320.4     4.861   226.148   323.468         0         0   
    12.66     18.46   208.544   94.4143     320.7     4.953    226.96   322.887         0         0   
       13     19.01   206.608   93.0453     321.2     5.013   227.732   321.819         0         0   
    13.35     18.81   204.256   91.8116     321.2     4.952   228.487   320.484         0         0   
    13.69      17.6   201.996   90.6956     319.2     4.069   229.186   319.162         0         0   
    14.03     16.63   199.179   89.4761     317.4     3.333   229.853    317.47         0         0   
    14.37     16.85   196.407   88.4131     316.6     3.258   230.489   315.914         0         0   
    14.72     17.55   193.885   87.3922     315.7     4.088   231.116   314.565         0         0   
    15.06      18.1   191.335   86.2931     313.7     4.295   231.697   313.156         0         0   
     15.4      18.3    189.06   85.3451       312     4.146   232.254   311.937         0         0   
    15.74      18.2   186.962   84.4555       311     4.786   232.788    310.82         0         0   
    16.08      18.1   184.643   83.4595     310.4     5.051   233.301   309.541         0         0   
    16.43     18.77   182.595   82.5795     309.4     5.497   233.807    308.51         0         0   
    16.77     20.05   180.726   81.7775     308.5      5.94   234.279   307.633         0         0   
    17.11     21.07   178.659   80.8686     307.4     6.941   234.733   306.598         0         0   
    17.45     21.69   176.864   80.0923     306.4     8.575   235.171   305.731         0         0   
     17.8     21.83   175.051   79.3418       305        10   235.604   304.834         0         0   
    18.14     21.54   173.188   78.5085     304.9     10.12   236.009   303.846         0         0   
    18.48     20.93   171.618    77.799     303.6     10.29   236.401   303.033         0         0   
    18.82     20.01    170.04   77.1323     301.3     10.84   236.778   302.204         0         0   
    19.17     19.26   168.225   76.3453     300.8     10.29   237.153   301.232         0         0   
    19.51     19.69   166.681    75.694     300.1     9.189   237.505   300.514         0         0   
    19.85     20.47   165.206    75.082     300.2     8.384   237.845   299.866         0         0   
    20.19     21.05   163.647   74.3705     300.3     8.167   238.174   299.134         0         0   
    20.53      21.8   162.211   73.7698     300.6     7.767   238.493    298.51         0         0   
    20.88     22.58   160.796   73.1883     300.9     7.515    238.81   297.913         0         0   
    21.22     23.34   159.312   72.5259       301     7.883   239.109   297.251         0         0   
    21.56     24.32   157.922   71.9704     300.6     8.021   239.398   296.685         0         0   
     21.9     25.94   156.587   71.4468     300.1     8.213   239.679   296.214         0         0   
    22.25     28.15   155.131   70.8134     299.9     8.068   239.959   295.724         0         0   
    22.59     30.48   153.836   70.2975     299.8     8.358   240.223    295.37         0         0   
    22.93     32.31   152.625   69.8108     299.2     9.019    240.48   295.029         0         0   
    23.27     34.03    151.35   69.2322     299.8     9.287   240.729   294.633         0         0   
    23.61     35.49   150.226   68.7506     300.2     9.299   240.971   294.315         0         0   
    23.96     36.66   149.152   68.2829     300.8     9.691   241.214   294.001         0         0   
     24.3     37.28   147.984   67.7395     300.4     9.839   241.442   293.551         0         0   
    24.64     37.83   146.906   67.2892     300.6     10.06   241.665   293.159         0         0   
    24.98      38.4   145.825   66.8638     300.8     10.89   241.882   292.775         0         0   
    25.33     38.82   144.562   66.3395     300.8     11.81   242.099   292.264         0         0   
    25.67     39.04   143.425   65.9178     299.5     13.72   242.305   291.808         0         0   
    26.01      39.2   142.338   65.5187     299.7     14.34   242.505   291.373         0         0   
    26.35     39.37    141.17   65.1079     297.4     16.19   242.701   290.898         0         0   
    26.69     39.66   140.127   64.6387       296     17.34   242.891   290.487         0         0   
    27.04     39.77   139.096   64.2519     297.3     18.91   243.082    290.08         0         0   
    27.38     39.75   138.003    63.864     296.2     19.71   243.263   289.621         0         0   
    27.72     39.71   137.035   63.4208     296.5     20.21    243.44   289.207         0         0   
    28.06     39.62   136.095   63.0664     293.7     21.07   243.612   288.818         0         0   
    28.41     39.63   135.044   62.6891     290.3     22.84   243.786    288.39         0         0   
    28.75     39.61   134.133   62.2697     289.7     23.81    243.95    288.01         0         0   
    29.09     39.58   133.254   61.9348     285.8     23.78   244.111   287.662         0         0   
    29.43      39.7    132.29   61.5879     286.7     20.92   244.268   287.292         0         0   
    29.77     39.95   131.431   61.1888     284.4     21.39   244.421   286.977         0         0   
    30.12     40.11    130.58   60.8622     284.9     19.94   244.576   286.673         0         0   
    30.46     40.23    129.67   60.5325     285.7     19.11   244.723   286.332         0         0   
     30.8      40.4    128.86   60.1535     286.4     19.69   244.866   286.033         0         0   
    31.14     40.56   128.081   59.8522     288.7     18.32   245.007   285.763         0         0   
    31.49     40.61   127.199   59.5298     285.4     17.41   245.148    285.43         0         0   
    31.83     40.64   126.433   59.1692       285      16.2   245.283   285.134         0         0   
    32.17     40.59   125.698   58.8828     283.9     15.36   245.415   284.856         0         0   
    32.51     40.55   124.886   58.5849     282.1     14.54   245.544   284.543         0         0   
    32.85     40.51   124.161   58.2401     283.6     14.39    245.67   284.258         0         0   
     33.2     40.63   123.446   57.9592     284.3     13.66   245.798   284.017         0         0   
    33.54     40.67   122.676   57.6747     282.4     13.82   245.919   283.736         0         0   
    33.88     40.71    121.99   57.3457     282.9     12.94   246.038   283.482         0         0   
    34.22     40.92   121.334   57.0854     283.1     13.24   246.155   283.279         0         0   
    34.57     40.93   120.583   56.8057     281.2     12.73   246.272   283.006         0         0   
    34.91     40.71   119.932   56.4914       281     12.03   246.384   282.732         0         0   
    35.25     40.72    119.31   56.2428     282.1     11.53   246.494   282.517         0         0   
    35.59      40.8   118.615   55.9832     281.7      11.2   246.602   282.278         0         0   
    35.93     40.87   117.997   55.6815     281.3     10.91   246.708   282.062         0         0   
    36.28     41.15    117.39   55.4366     281.4     10.63   246.815   281.895         0         0   
    36.62     41.35   116.728   55.1877     280.2     10.41   246.917    281.69         0         0   
    36.96     41.52   116.141   54.8986     279.4     10.22   247.017   281.503         0         0   
     37.3     41.77   115.581   54.6708     278.9     10.61   247.116   281.352         0         0   
    37.65      41.8   114.932   54.4252     279.2     10.91   247.215    281.13         0         0   
    37.99      41.9   114.374   54.1479     278.8     11.22    247.31   280.947         0         0   
    38.33     41.88   113.841   53.9296     276.8     11.87   247.403   280.768         0         0   
    38.67     41.84   113.238   53.7008     275.9     12.06   247.495   280.555         0         0   
    39.01     41.99   112.705   53.4336     275.8     12.11   247.585   280.391         0         0   
    39.36     42.13   112.183   53.2178     275.1     12.93   247.676   280.242         0         0   
     39.7      42.1   111.606   52.9976     273.7     12.52   247.763   280.042         0         0   
    40.04        42   111.097   52.7408     273.1     12.42   247.848   279.852         0         0   
    40.38     41.86   110.612   52.5393       274     12.48   247.932   279.675         0         0   
    40.73     41.54   110.046   52.3213       274     11.97   248.017   279.438         0         0   
    41.07     41.56   109.559   52.0745     273.7     11.61   248.099   279.276         0         0   
    41.41     41.78   109.096   51.8806     273.3     10.91   248.179   279.163         0         0   
    41.75     41.92   108.567   51.6769     272.9     10.71   248.257   279.009         0         0   
    42.09     42.17   108.101   51.4382       272      10.8   248.335   278.891         0         0   
    42.44      42.4   107.644   51.2461     271.8        11   248.413   278.784         0         0   
    42.78     42.72   107.137   51.0495     271.2     11.82   248.488   278.668         0         0   
    43.12     43.11    106.69   50.8195     270.6     11.61   248.562    278.58         0         0   
    43.46     43.39   106.265   50.6395     271.1      11.7   248.635   278.493         0         0   
    43.81     43.83   105.764   50.4444     272.2      11.6   248.708   278.402         0         0   
    44.15      44.3   105.336   50.2226     273.2     11.72   248.779   278.337         0         0   
    44.49     44.56   104.928    50.049     274.6      12.1   248.848   278.255         0         0   
    44.83     44.78   104.476   49.8662     275.4     12.61   248.916   278.148         0         0   
    45.17     44.87   104.047   49.6513       278     12.92   248.984   278.024         0         0   
    45.52     44.75   103.643   49.4788     281.1      13.1   249.052   277.884         0         0   
    45.86     44.55   103.208   49.3019     279.7     12.72   249.117   277.717         0         0   
     46.2     44.44   102.796   49.0943     279.6      11.8   249.182   277.567         0         0   
    46.54     44.49   102.418   48.9322     280.1      10.8   249.245   277.464         0         0   
    46.89     44.54   101.988   48.7563     282.6     10.76   249.309   277.341         0         0   
    47.23     44.55   101.591   48.5556     282.9     11.23   249.371   277.217         0         0   
    47.57     44.41   101.228    48.399     284.2     11.09   249.432   277.089         0         0   
    47.91     44.39   100.825   48.2336     282.9      19.9   249.492   276.963         0         0   
    48.25      44.3   100.441   48.0388     284.6     10.42   249.551   276.829         0         0   
     48.6     44.15    100.08   47.8828     285.9     13.96   249.611   276.701         0         0   
    48.94     43.92   99.6909   47.7225     283.9     10.59   249.668   276.548         0         0   
    49.28     43.71   99.3207   47.5338     283.4     9.296   249.725     276.4         0         0   
    49.62     43.54   98.9827    47.387     282.1     9.442   249.781   276.277         0         0   
    49.97     43.43   98.5966   47.2271     279.6     9.889   249.837   276.146         0         0   
    50.31      43.4   98.2397   47.0445     277.6     10.95   249.892   276.032         0         0   
    50.65      43.4   97.9135   46.9022     278.2     12.22   249.945    275.94         0         0   
    50.99     43.42   97.5511   46.7518     284.7     10.43   249.998   275.838         0         0   
    51.33      43.4   97.2052    46.574     287.9     11.44   250.051    275.73         0         0   
    51.68     43.35   96.8813   46.4321     289.1     11.09   250.104   275.632         0         0   
