!# Results of ROTMAS saved at 12-May-2008 (14:57:38)
!# User velocity         : Vu=SQRT(4*{PI}*4.321*RHO*RC*RC*(1-(RC/R)*ATAN(R/RC)))
!# Total velocity        : Vt=SQRT(MG*VG*ABS(VG)+MD*VD*ABS(VD)+MB*VB*ABS(VB)+VU**2)
!# Chi-square            : 29.9055
!# Red. Chi-square (N=141,n=2) : 0.215148
!# Parameter name  :           RC         RHO          MB          MD          MG
!# Parameter value :     0.631690  3215.290039     0.710000     0.710000     1.000000 
!# Parameter error :     0.037959   371.827942     0.000000     0.000000     0.000000 
!#
!# Radius |  vgas   |  vdisk  |  vbulge |  vobs   | err vobs|   Vu    |   Vt    |   Rxv   |   Vxy   |
!# kpc       km/s      km/s       km/s     km/s     km/s       km/s      km/s       kpc       km/s   
!#===================================================================================================
    3.765    -12.21   129.528   156.319     302.2     10.83   230.757   307.104         0         0   
    4.107    -12.69     136.7    149.15     305.8     10.26   233.388   308.613         0         0   
    4.449    -12.86   143.502   142.529     307.8     8.334   235.635   310.267         0         0   
    4.791    -12.97   148.182   136.255     309.3     7.667   237.575   311.122         0         0   
    5.133    -12.91   155.051   130.969     310.9     5.307   239.267    313.49         0         0   
    5.476     -12.6   161.031   126.111     312.8     4.985    240.76   315.661         0         0   
    5.818    -12.38   163.638   121.501       315     5.832    242.08   316.211         0         0   
     6.16    -12.42   166.147    117.59     316.4     6.004   243.258   316.942         0         0   
    6.502    -12.39   168.808   113.984       317     5.832   244.316   317.844         0         0   
    6.845    -12.26   170.817   110.546     318.2     4.808   245.273   318.446         0         0   
    7.187    -12.12   173.477   107.587     320.6     5.478    246.14   319.542         0         0   
    7.529    -12.05   176.371   104.874     321.4       4.1   246.929   320.833         0         0   
    7.871    -12.04   178.728   102.242     321.7     3.858   247.652   321.844         0         0   
    8.214    -11.83    181.33    99.892     322.4      3.74   248.318    323.08         0         0   
    8.556    -11.05   183.353   97.7636     322.4     3.695    248.93   324.068         0         0   
    8.898    -9.262   184.084   95.6629     322.6     3.764   249.495   324.346         0         0   
     9.24    -6.106   184.218   93.7418     323.1     3.669    250.02    324.34         0         0   
    9.583     3.598   184.002   92.0009     323.5     3.675    250.51   324.174         0         0   
    9.925     7.124   183.607   90.2373     323.3     3.611   250.964   323.864         0         0   
    10.27     9.213   183.549   88.6372     323.1       3.5   251.393   323.775         0         0   
    10.61     11.57   183.287   87.1955     323.9     4.015   251.789   323.618         0         0   
    10.95     14.19   182.306   85.6923     323.6     4.693    252.16   323.055         0         0   
    11.29     16.25    181.01   84.3559     322.8     4.423    252.51   322.344         0         0   
    11.64     17.68   179.536   83.0866     321.7     4.351   252.849    321.53         0         0   
    11.98     18.08   177.995   81.7774     320.4      4.48   253.159   320.603         0         0   
    12.32     17.97   176.768   80.6263     320.4     4.861   253.453   319.857         0         0   
    12.66     18.46   175.722   79.5549     320.7     4.953   253.731   319.261         0         0   
       13     19.01   174.091   78.4014     321.2     5.013   253.994   318.322         0         0   
    13.35     18.81   172.109   77.3618     321.2     4.952   254.252   317.182         0         0   
    13.69      17.6   170.205   76.4215     319.2     4.069    254.49   316.045         0         0   
    14.03     16.63   167.831   75.3939     317.4     3.333   254.716   314.656         0         0   
    14.37     16.85   165.495   74.4982     316.6     3.258   254.932   313.389         0         0   
    14.72     17.55    163.37    73.638     315.7     4.088   255.144    312.28         0         0   
    15.06      18.1   161.222   72.7119     313.7     4.295    255.34   311.136         0         0   
     15.4      18.3   159.305   71.9131       312     4.146   255.528   310.127         0         0   
    15.74      18.2   157.537   71.1635       311     4.786   255.708   309.192         0         0   
    16.08      18.1   155.583   70.3242     310.4     5.051    255.88   308.146         0         0   
    16.43     18.77   153.857   69.5827     309.4     5.497    256.05   307.291         0         0   
    16.77     20.05   152.282   68.9069     308.5      5.94   256.209   306.567         0         0   
    17.11     21.07   150.541   68.1411     307.4     6.941   256.361    305.73         0         0   
    17.45     21.69   149.028    67.487     306.4     8.575   256.507   305.009         0         0   
     17.8     21.83   147.501   66.8546       305        10   256.652   304.258         0         0   
    18.14     21.54   145.931   66.1524     304.9     10.12   256.788    303.44         0         0   
    18.48     20.93   144.608   65.5546     303.6     10.29   256.918   302.744         0         0   
    18.82     20.01   143.278   64.9928     301.3     10.84   257.044   302.034         0         0   
    19.17     19.26   141.749   64.3297     300.8     10.29   257.169   301.227         0         0   
    19.51     19.69   140.448   63.7809     300.1     9.189   257.286   300.628         0         0   
    19.85     20.47   139.205   63.2652     300.2     8.384   257.399    300.09         0         0   
    20.19     21.05   137.891   62.6657     300.3     8.167   257.508   299.491         0         0   
    20.53      21.8   136.681   62.1595     300.6     7.767   257.614   298.975         0         0   
    20.88     22.58   135.489   61.6696     300.9     7.515   257.719   298.479         0         0   
    21.22     23.34   134.239   61.1114       301     7.883   257.818   297.942         0         0   
    21.56     24.32   133.067   60.6433     300.6     8.021   257.914   297.482         0         0   
     21.9     25.94   131.943   60.2021     300.1     8.213   258.007   297.109         0         0   
    22.25     28.15   130.716   59.6684     299.9     8.068     258.1    296.74         0         0   
    22.59     30.48   129.625   59.2337     299.8     8.358   258.187   296.481         0         0   
    22.93     32.31   128.604   58.8236     299.2     9.019   258.272   296.222         0         0   
    23.27     34.03    127.53   58.3361     299.8     9.287   258.354   295.926         0         0   
    23.61     35.49   126.583   57.9303     300.2     9.299   258.434    295.68         0         0   
    23.96     36.66   125.678   57.5362     300.8     9.691   258.514    295.43         0         0   
     24.3     37.28   124.694   57.0783     300.4     9.839    258.59   295.067         0         0   
    24.64     37.83   123.785   56.6989     300.6     10.06   258.663   294.746         0         0   
    24.98      38.4   122.874   56.3404     300.8     10.89   258.734   294.432         0         0   
    25.33     38.82    121.81   55.8987     300.8     11.81   258.806   294.024         0         0   
    25.67     39.04   120.852   55.5433     299.5     13.72   258.874   293.649         0         0   
    26.01      39.2   119.936    55.207     299.7     14.34   258.939    293.29         0         0   
    26.35     39.37   118.952   54.8609     297.4     16.19   259.004   292.903         0         0   
    26.69     39.66   118.073   54.4655       296     17.34   259.066   292.568         0         0   
    27.04     39.77   117.204   54.1396     297.3     18.91   259.129   292.228         0         0   
    27.38     39.75   116.283   53.8128     296.2     19.71   259.188    291.85         0         0   
    27.72     39.71   115.468   53.4393     296.5     20.21   259.246   291.503         0         0   
    28.06     39.62   114.676   53.1407     293.7     21.07   259.303   291.174         0         0   
    28.41     39.63    113.79   52.8228     290.3     22.84    259.36    290.82         0         0   
    28.75     39.61   113.022   52.4694     289.7     23.81   259.414   290.502         0         0   
    29.09     39.58   112.282   52.1872     285.8     23.78   259.466   290.207         0         0   
    29.43      39.7    111.47   51.8949     286.7     20.92   259.518   289.904         0         0   
    29.77     39.95   110.746   51.5586     284.4     21.39   259.568   289.645         0         0   
    30.12     40.11   110.029   51.2834     284.9     19.94   259.619   289.391         0         0   
    30.46     40.23   109.262   51.0056     285.7     19.11   259.667   289.111         0         0   
     30.8      40.4   108.579   50.6862     286.4     19.69   259.714   288.863         0         0   
    31.14     40.56   107.923   50.4324     288.7     18.32    259.76   288.636         0         0   
    31.49     40.61    107.18   50.1607     285.4     17.41   259.806   288.361         0         0   
    31.83     40.64   106.534   49.8569       285      16.2    259.85   288.112         0         0   
    32.17     40.59   105.915   49.6155     283.9     15.36   259.893   287.874         0         0   
    32.51     40.55   105.231   49.3645     282.1     14.54   259.935   287.612         0         0   
    32.85     40.51    104.62    49.074     283.6     14.39   259.976   287.371         0         0   
     33.2     40.63   104.017   48.8373     284.3     13.66   260.018   287.167         0         0   
    33.54     40.67   103.369   48.5976     282.4     13.82   260.058   286.933         0         0   
    33.88     40.71   102.791   48.3203     282.9     12.94   260.096    286.72         0         0   
    34.22     40.92   102.238    48.101     283.1     13.24   260.134    286.55         0         0   
    34.57     40.93   101.605   47.8653     281.2     12.73   260.173   286.321         0         0   
    34.91     40.71   101.056   47.6005       281     12.03   260.209   286.085         0         0   
    35.25     40.72   100.532    47.391     282.1     11.53   260.245   285.899         0         0   
    35.59      40.8   99.9468   47.1723     281.7      11.2    260.28   285.701         0         0   
    35.93     40.87    99.426   46.9181     281.3     10.91   260.315   285.519         0         0   
    36.28     41.15   98.9146   46.7117     281.4     10.63    260.35   285.379         0         0   
    36.62     41.35   98.3568    46.502     280.2     10.41   260.383   285.211         0         0   
    36.96     41.52   97.8621   46.2584     279.4     10.22   260.416   285.056         0         0   
     37.3     41.77   97.3903   46.0664     278.9     10.61   260.448   284.929         0         0   
    37.65      41.8   96.8434   45.8595     279.2     10.91    260.48   284.743         0         0   
    37.99      41.9   96.3732   45.6258     278.8     11.22   260.511   284.589         0         0   
    38.33     41.88   95.9241   45.4419     276.8     11.87   260.541   284.433         0         0   
    38.67     41.84    95.416   45.2491     275.9     12.06   260.571   284.253         0         0   
    39.01     41.99   94.9669    45.024     275.8     12.11     260.6   284.115         0         0   
    39.36     42.13   94.5271   44.8421     275.1     12.93    260.63   283.988         0         0   
     39.7      42.1   94.0409   44.6566     273.7     12.52   260.658   283.819         0         0   
    40.04        42    93.612   44.4402     273.1     12.42   260.686   283.653         0         0   
    40.38     41.86   93.2033   44.2704       274     12.48   260.713   283.497         0         0   
    40.73     41.54   92.7264   44.0867       274     11.97   260.741    283.29         0         0   
    41.07     41.56    92.316   43.8788     273.7     11.61   260.767   283.151         0         0   
    41.41     41.78   91.9259   43.7154     273.3     10.91   260.793   283.055         0         0   
    41.75     41.92   91.4802   43.5437     272.9     10.71   260.819   282.928         0         0   
    42.09     42.17   91.0875   43.3426       272      10.8   260.844   282.831         0         0   
    42.44      42.4   90.7024   43.1807     271.8        11   260.869    282.74         0         0   
    42.78     42.72   90.2752   43.0151     271.2     11.82   260.894   282.649         0         0   
    43.12     43.11   89.8986   42.8213     270.6     11.61   260.918   282.581         0         0   
    43.46     43.39   89.5405   42.6696     271.1      11.7   260.941   282.509         0         0   
    43.81     43.83   89.1183   42.5052     272.2      11.6   260.965   282.441         0         0   
    44.15      44.3   88.7577   42.3183     273.2     11.72   260.988   282.393         0         0   
    44.49     44.56   88.4139    42.172     274.6      12.1   261.011   282.325         0         0   
    44.83     44.78    88.033    42.018     275.4     12.61   261.033   282.239         0         0   
    45.17     44.87   87.6716   41.8369       278     12.92   261.055   282.134         0         0   
    45.52     44.75   87.3311   41.6916     281.1      13.1   261.077   282.008         0         0   
    45.86     44.55   86.9646   41.5425     279.7     12.72   261.098   281.861         0         0   
     46.2     44.44   86.6174   41.3676     279.6      11.8   261.119    281.73         0         0   
    46.54     44.49   86.2989    41.231     280.1      10.8   261.139   281.639         0         0   
    46.89     44.54   85.9366   41.0828     282.6     10.76    261.16   281.534         0         0   
    47.23     44.55   85.6021   40.9137     282.9     11.23    261.18   281.427         0         0   
    47.57     44.41   85.2962   40.7817     284.2     11.09     261.2   281.312         0         0   
    47.91     44.39   84.9566   40.6424     282.9      19.9   261.219   281.203         0         0   
    48.25      44.3   84.6331   40.4782     284.6     10.42   261.238   281.086         0         0   
     48.6     44.15   84.3289   40.3468     285.9     13.96   261.258    280.97         0         0   
    48.94     43.92    84.001   40.2117     283.9     10.59   261.276   280.834         0         0   
    49.28     43.71   83.6891   40.0527     283.4     9.296   261.295   280.702         0         0   
    49.62     43.54   83.4043    39.929     282.1     9.442   261.313    280.59         0         0   
    49.97     43.43    83.079   39.7943     279.6     9.889   261.331   280.474         0         0   
    50.31      43.4   82.7782   39.6404     277.6     10.95   261.349   280.375         0         0   
    50.65      43.4   82.5034   39.5205     278.2     12.22   261.366   280.294         0         0   
    50.99     43.42    82.198   39.3938     284.7     10.43   261.383   280.205         0         0   
    51.33      43.4   81.9066   39.2439     287.9     11.44     261.4   280.111         0         0   
    51.68     43.35   81.6336   39.1244     289.1     11.09   261.417   280.023         0         0   
