!# Results of ROTMAS saved at 13-Oct-2007 (12:56:44)
!# User velocity         : Vu=V200*SQRT(((LN(1+C*R*0.75/V200))-(C*R*0.75/V200)/(1+C*R*0.75/V200))/((0.75*R/V200)*(LN(1+C)-(C/(1+C)))))
!# Total velocity        : Vt=SQRT(MG*VG*ABS(VG)+MD*VD*ABS(VD)+MB*VB*ABS(VB)+VU**2)
!# Chi-square            : 26.0429
!# Red. Chi-square (N=141,n=4) : 0.190094
!# Parameter name  :            C        V200          MB          MD          MG
!# Parameter value :    13.673900   190.876007     1.495860     0.963783     1.000000 
!# Parameter error :     0.752834     2.172487     0.037531     0.039866     0.000000 
!#
!# Radius |  vgas   |  vdisk  |  vbulge |  vobs   | err vobs|   Vu    |   Vt    |   Rxv   |   Vxy   |
!# kpc       km/s      km/s       km/s     km/s     km/s       km/s      km/s       kpc       km/s   
!#===================================================================================================
    3.765    -12.21   150.912   226.897     302.2     10.83   149.753   310.698         0         0   
    4.107    -12.69   159.268   216.492     305.8     10.26   154.808   309.902         0         0   
    4.449    -12.86   167.193   206.881     307.8     8.334     159.5   309.884         0         0   
    4.791    -12.97   172.646   197.774     309.3     7.667    163.87   309.203         0         0   
    5.133    -12.91   180.649   190.102     310.9     5.307   167.954    311.15         0         0   
    5.476     -12.6   187.616    183.05     312.8     4.985   171.789   313.145         0         0   
    5.818    -12.38   190.653   176.358       315     5.832   175.379   313.138         0         0   
     6.16    -12.42   193.576   170.682     316.4     6.004   178.757   313.694         0         0   
    6.502    -12.39   196.677   165.447       317     5.832    181.94   314.648         0         0   
    6.845    -12.26   199.018   160.457     318.2     4.808   184.954   315.297         0         0   
    7.187    -12.12   202.116   156.162     320.6     5.478   187.794   316.792         0         0   
    7.529    -12.05   205.489   152.224     321.4       4.1   190.484   318.648         0         0   
    7.871    -12.04   208.235   148.404     321.7     3.858   193.033    320.16         0         0   
    8.214    -11.83   211.266   144.993     322.4      3.74   195.459   322.057         0         0   
    8.556    -11.05   213.623   141.904     322.4     3.695   197.757   323.662         0         0   
    8.898    -9.262   214.475   138.854     322.6     3.764   199.941   324.301         0         0   
     9.24    -6.106   214.631   136.066     323.1     3.669   202.021   324.585         0         0   
    9.583     3.598   214.379   133.539     323.5     3.675   204.007   324.689         0         0   
    9.925     7.124   213.919   130.979     323.3     3.611   205.894   324.592         0         0   
    10.27     9.213   213.851   128.657     323.1       3.5    207.71   324.828         0         0   
    10.61     11.57   213.547   126.564     323.9     4.015   209.419   324.978         0         0   
    10.95     14.19   212.403   124.382     323.6     4.693   211.051   324.545         0         0   
    11.29     16.25   210.893   122.442     322.8     4.423   212.611   323.937         0         0   
    11.64     17.68   209.176     120.6     321.7     4.351   214.146   323.218         0         0   
    11.98     18.08    207.38     118.7     320.4      4.48   215.571   322.326         0         0   
    12.32     17.97   205.951   117.029     320.4     4.861   216.937   321.708         0         0   
    12.66     18.46   204.733   115.474     320.7     4.953   218.244    321.28         0         0   
       13     19.01   202.832   113.799     321.2     5.013   219.497   320.361         0         0   
    13.35     18.81   200.523   112.291     321.2     4.952   220.732    319.21         0         0   
    13.69      17.6   198.304   110.926     319.2     4.069   221.882   318.073         0         0   
    14.03     16.63   195.539   109.434     317.4     3.333   222.985    316.56         0         0   
    14.37     16.85   192.818   108.134     316.6     3.258   224.043   315.199         0         0   
    14.72     17.55   190.342   106.885     315.7     4.088   225.087   314.049         0         0   
    15.06      18.1   187.838   105.541     313.7     4.295   226.061   312.815         0         0   
     15.4      18.3   185.605   104.382       312     4.146   226.996    311.78         0         0   
    15.74      18.2   183.545   103.294       311     4.786   227.894   310.846         0         0   
    16.08      18.1   181.269   102.075     310.4     5.051   228.756   309.733         0         0   
    16.43     18.77   179.258   100.999     309.4     5.497   229.609    308.88         0         0   
    16.77     20.05   177.423   100.018     308.5      5.94   230.404   308.173         0         0   
    17.11     21.07   175.394   98.9066     307.4     6.941   231.169   307.292         0         0   
    17.45     21.69   173.632   97.9572     306.4     8.575   231.903   306.583         0         0   
     17.8     21.83   171.852   97.0393       305        10    232.63   305.848         0         0   
    18.14     21.54   170.023   96.0201     304.9     10.12   233.308   304.999         0         0   
    18.48     20.93   168.482   95.1524     303.6     10.29    233.96   304.328         0         0   
    18.82     20.01   166.932   94.3369     301.3     10.84   234.587    303.64         0         0   
    19.17     19.26   165.151   93.3744     300.8     10.29   235.208   302.799         0         0   
    19.51     19.69   163.635   92.5778     300.1     9.189   235.787   302.209         0         0   
    19.85     20.47   162.187   91.8293     300.2     8.384   236.343   301.686         0         0   
    20.19     21.05   160.656   90.9591     300.3     8.167   236.879   301.063         0         0   
    20.53      21.8   159.247   90.2244     300.6     7.767   237.394   300.551         0         0   
    20.88     22.58   157.857   89.5132     300.9     7.515   237.903   300.065         0         0   
    21.22     23.34     156.4   88.7031       301     7.883   238.378   299.497         0         0   
    21.56     24.32   155.036   88.0237     300.6     8.021   238.835   299.029         0         0   
     21.9     25.94   153.725   87.3833     300.1     8.213   239.275   298.651         0         0   
    22.25     28.15   152.296   86.6086     299.9     8.068   239.709   298.242         0         0   
    22.59     30.48   151.025   85.9776     299.8     8.358   240.115   297.968         0         0   
    22.93     32.31   149.836   85.3823     299.2     9.019   240.505   297.703         0         0   
    23.27     34.03   148.584   84.6747     299.8     9.287   240.879   297.368         0         0   
    23.61     35.49   147.481   84.0857     300.2     9.299   241.239   297.114         0         0   
    23.96     36.66   146.426   83.5136     300.8     9.691   241.594   296.861         0         0   
     24.3     37.28    145.28    82.849     300.4     9.839   241.925   296.459         0         0   
    24.64     37.83   144.221   82.2983     300.6     10.06   242.243   296.118         0         0   
    24.98      38.4    143.16    81.778     300.8     10.89   242.548   295.782         0         0   
    25.33     38.82    141.92   81.1368     300.8     11.81    242.85   295.309         0         0   
    25.67     39.04   140.804    80.621     299.5     13.72    243.13   294.893         0         0   
    26.01      39.2   139.737   80.1329     299.7     14.34   243.399   294.495         0         0   
    26.35     39.37    138.59   79.6305     297.4     16.19   243.657   294.052         0         0   
    26.69     39.66   137.566   79.0566       296     17.34   243.904    293.66         0         0   
    27.04     39.77   136.554   78.5835     297.3     18.91   244.147   293.278         0         0   
    27.38     39.75   135.481   78.1091     296.2     19.71   244.373   292.838         0         0   
    27.72     39.71   134.531    77.567     296.5     20.21   244.589   292.431         0         0   
    28.06     39.62   133.608   77.1336     293.7     21.07   244.796   292.054         0         0   
    28.41     39.63   132.576   76.6721     290.3     22.84   244.999   291.634         0         0   
    28.75     39.61   131.682   76.1592     289.7     23.81   245.187   291.249         0         0   
    29.09     39.58   130.819   75.7496     285.8     23.78   245.367   290.901         0         0   
    29.43      39.7   129.872   75.3253     286.7     20.92   245.538   290.527         0         0   
    29.77     39.95   129.029   74.8372     284.4     21.39   245.702   290.197         0         0   
    30.12     40.11   128.194   74.4377     284.9     19.94   245.862   289.882         0         0   
    30.46     40.23     127.3   74.0345     285.7     19.11   246.009   289.526         0         0   
     30.8      40.4   126.505    73.571     286.4     19.69   246.149   289.202         0         0   
    31.14     40.56    125.74   73.2024     288.7     18.32   246.282   288.911         0         0   
    31.49     40.61   124.874   72.8081     285.4     17.41   246.412   288.553         0         0   
    31.83     40.64   124.122   72.3671       285      16.2   246.531   288.223         0         0   
    32.17     40.59   123.401   72.0168     283.9     15.36   246.644   287.915         0         0   
    32.51     40.55   122.604   71.6525     282.1     14.54    246.75   287.568         0         0   
    32.85     40.51   121.892   71.2308     283.6     14.39    246.85   287.241         0         0   
     33.2     40.63    121.19   70.8872     284.3     13.66   246.947   286.959         0         0   
    33.54     40.67   120.434   70.5393     282.4     13.82   247.035   286.636         0         0   
    33.88     40.71   119.761   70.1369     282.9     12.94   247.117   286.332         0         0   
    34.22     40.92   119.117   69.8185     283.1     13.24   247.194   286.082         0         0   
    34.57     40.93   118.379   69.4764     281.2     12.73   247.268   285.758         0         0   
    34.91     40.71    117.74    69.092       281     12.03   247.334   285.426         0         0   
    35.25     40.72    117.13    68.788     282.1     11.53   247.396   285.156         0         0   
    35.59      40.8   116.447   68.4705     281.7      11.2   247.452    284.86         0         0   
    35.93     40.87   115.841   68.1015     281.3     10.91   247.504   284.579         0         0   
    36.28     41.15   115.245   67.8019     281.4     10.63   247.552   284.348         0         0   
    36.62     41.35   114.595   67.4975     280.2     10.41   247.595   284.079         0         0   
    36.96     41.52   114.018   67.1439     279.4     10.22   247.633   283.821         0         0   
     37.3     41.77   113.469   66.8653     278.9     10.61   247.667   283.601         0         0   
    37.65      41.8   112.832   66.5649     279.2     10.91   247.697   283.307         0         0   
    37.99      41.9   112.284   66.2258     278.8     11.22   247.723   283.047         0         0   
    38.33     41.88   111.761   65.9588     276.8     11.87   247.745   282.794         0         0   
    38.67     41.84   111.169    65.679     275.9     12.06   247.763   282.505         0         0   
    39.01     41.99   110.645   65.3522     275.8     12.11   247.777   282.259         0         0   
    39.36     42.13   110.133   65.0882     275.1     12.93   247.788   282.027         0         0   
     39.7      42.1   109.566   64.8189     273.7     12.52   247.795   281.746         0         0   
    40.04        42   109.067   64.5048     273.1     12.42   247.799   281.469         0         0   
    40.38     41.86   108.591   64.2584       274     12.48   247.799   281.208         0         0   
    40.73     41.54   108.035   63.9918       274     11.97   247.796   280.883         0         0   
    41.07     41.56   107.557   63.6899     273.7     11.61    247.79   280.628         0         0   
    41.41     41.78   107.102   63.4528     273.3     10.91   247.781   280.425         0         0   
    41.75     41.92   106.583   63.2036     272.9     10.71   247.769   280.181         0         0   
    42.09     42.17   106.125   62.9117       272      10.8   247.754   279.966         0         0   
    42.44      42.4   105.677   62.6767     271.8        11   247.736   279.762         0         0   
    42.78     42.72   105.179   62.4363     271.2     11.82   247.715   279.551         0         0   
    43.12     43.11    104.74    62.155     270.6     11.61   247.692   279.363         0         0   
    43.46     43.39   104.323   61.9348     271.1      11.7   247.666   279.178         0         0   
    43.81     43.83   103.831   61.6962     272.2      11.6   247.637   278.985         0         0   
    44.15      44.3   103.411   61.4249     273.2     11.72   247.606   278.815         0         0   
    44.49     44.56    103.01   61.2126     274.6      12.1   247.573   278.632         0         0   
    44.83     44.78   102.567    60.989     275.4     12.61   247.537   278.423         0         0   
    45.17     44.87   102.145   60.7262       278     12.92   247.499   278.191         0         0   
    45.52     44.75   101.749   60.5152     281.1      13.1   247.458   277.944         0         0   
    45.86     44.55   101.322   60.2989     279.7     12.72   247.415   277.671         0         0   
     46.2     44.44   100.917    60.045     279.6      11.8   247.371   277.411         0         0   
    46.54     44.49   100.546   59.8467     280.1      10.8   247.324     277.2         0         0   
    46.89     44.54   100.124   59.6316     282.6     10.76   247.274   276.964         0         0   
    47.23     44.55   99.7344   59.3861     282.9     11.23   247.224   276.727         0         0   
    47.57     44.41    99.378   59.1946     284.2     11.09   247.172   276.489         0         0   
    47.91     44.39   98.9824   58.9923     282.9      19.9   247.117   276.252         0         0   
    48.25      44.3   98.6054    58.754     284.6     10.42   247.061   276.002         0         0   
     48.6     44.15    98.251   58.5632     285.9     13.96   247.002   275.757         0         0   
    48.94     43.92    97.869   58.3672     283.9     10.59   246.942    275.49         0         0   
    49.28     43.71   97.5056   58.1364     283.4     9.296   246.881   275.224         0         0   
    49.62     43.54   97.1737   57.9568     282.1     9.442   246.818   274.985         0         0   
    49.97     43.43   96.7947   57.7613     279.6     9.889   246.752   274.733         0         0   
    50.31      43.4   96.4443   57.5379     277.6     10.95   246.686   274.499         0         0   
    50.65      43.4   96.1241   57.3639     278.2     12.22   246.619   274.289         0         0   
    50.99     43.42   95.7683     57.18     284.7     10.43    246.55   274.068         0         0   
    51.33      43.4   95.4287   56.9625     287.9     11.44   246.479   273.837         0         0   
    51.68     43.35   95.1107   56.7889     289.1     11.09   246.405   273.616         0         0   
