!# Results of ROTMAS saved at 15-Oct-2007 (14:27:01)
!# User velocity         : Vu=V200*SQRT(((LN(1+C*R*0.75/V200))-(C*R*0.75/V200)/(1+C*R*0.75/V200))/((0.75*R/V200)*(LN(1+C)-(C/(1+C)))))
!# Total velocity        : Vt=SQRT(MG*VG*ABS(VG)+MD*VD*ABS(VD)+MB*VB*ABS(VB)+VU**2)
!# Chi-square            : 159.567
!# Red. Chi-square (N=288,n=2) : 0.557928
!# Parameter name  :            C        V200          MB          MD          MG
!# Parameter value :     9.788770   110.184998     1.000000     1.000000     1.000000 
!# Parameter error :     0.180617     1.028193     0.000000     0.000000     0.000000 
!#
!# Radius |  vgas   |  vdisk  |  vbulge |  vobs   | err vobs|   Vu    |   Vt    |   Rxv   |   Vxy   |
!# kpc       km/s      km/s       km/s     km/s     km/s       km/s      km/s       kpc       km/s   
!#===================================================================================================
  0.06252    -0.878   -1.02499   8.48001      1.98     6.926   12.9353   15.4081         0         0   
    0.125    -1.771    4.3281   15.2671     15.78     7.691   18.2399   24.1117         0         0   
   0.1876     -2.74   8.67483   20.6593      22.3     4.584   22.2837    31.482         0         0   
   0.2501    -3.448   12.4788   25.0145     32.16     4.542   25.6589   37.7881         0         0   
   0.3126    -3.847   16.3667   28.5478     39.67     4.433   28.6082   43.4336         0         0   
   0.3751    -3.736   20.2962   31.4172     46.24     4.892   31.2528   48.5979         0         0   
   0.4377    -3.329   23.8107   33.7251     53.31     5.425   33.6686   53.1679         0         0   
   0.5002    -3.488   26.7113   35.5584     59.93     5.252   35.8952   57.0455         0         0   
   0.5627    -3.553   29.2206   37.0013     63.97     4.703   37.9695   60.4318         0         0   
   0.6252    -3.157   31.5918   38.1106     67.31     4.833   39.9156   63.5118         0         0   
   0.6878    -2.552   33.7178   38.9396     71.34     5.217   41.7545   66.2579         0         0   
   0.7503     -1.75   35.8185   39.5237     75.57     5.835   43.4945   68.8026         0         0   
   0.8128    -1.157   37.7474   39.9044     77.88     5.215     45.15   71.0944         0         0   
   0.8753    0.9515   39.4341   40.1112     78.48     4.769   46.7302    73.134         0         0   
   0.9379     1.491    40.838   40.1751     79.11     4.473   48.2451   74.9106         0         0   
        1     -1.75   42.0708   40.1148     79.94     4.478   49.6871   76.4519         0         0   
    1.063    -3.049   43.4268   39.9459     78.37     4.277   51.0937   77.9925         0         0   
    1.125    -3.095   44.7657   39.7025     78.17     5.311    52.427   79.4938         0         0   
    1.188    -2.711   46.2799   39.3768     80.29     5.612   53.7343   81.0703         0         0   
     1.25    -1.524   48.1188   39.0055     81.05     4.532   54.9775   82.8073         0         0   
    1.313     2.252   50.2186   38.5745     82.24     4.249   56.1999   84.6959         0         0   
    1.376     4.243   52.1542   38.1152     84.09     4.042   57.3837   86.5085         0         0   
    1.438     5.631   53.7179   37.6315     84.33     4.746   58.5136   88.0755         0         0   
    1.501     5.952   54.9624   37.1196     85.52     5.536   59.6283   89.3851         0         0   
    1.563      5.54   56.0088   36.6004     87.43     6.061   60.6942   90.5045         0         0   
    1.626     4.284    56.787   36.0599      89.9     6.303   61.7476   91.4123         0         0   
    1.688     1.864   57.2979   35.5269     91.76      6.55   62.7566   92.1254         0         0   
    1.751    -1.383   57.8176   34.9782     93.15     6.431   63.7553   92.8933         0         0   
    1.813     3.054   58.4325   34.4446     93.87     6.196   64.7132   93.7972         0         0   
    1.876     4.459   59.0239   33.9024     94.41     5.643   65.6625   94.6818         0         0   
    1.938     4.357   59.5872   33.3773     95.31     5.843   66.5742   95.4767         0         0   
    2.001     4.822   59.9672   32.8501     96.72     5.987   67.4788   96.1865         0         0   
    2.063     5.207    60.234   32.3413     98.01      5.72   68.3485   96.8128         0         0   
    2.126     4.209   60.5494    31.835     97.78     6.124   69.2122   97.4051         0         0   
    2.188     2.869   60.8982   31.3474     98.34     6.088   70.0434    98.008         0         0   
    2.251    0.8887   61.4373   30.8657     96.17     5.947   70.8697   98.7448         0         0   
    2.313    -2.144   61.9436   30.4025     96.39     6.168   71.6655   99.4619         0         0   
    2.376    -2.411    62.251    29.946     98.41     5.719   72.4572   100.081         0         0   
    2.438    -3.313    62.683   29.5093     98.95      5.65   73.2203   100.748         0         0   
    2.501    -3.768   63.1256   29.0786     97.96     5.947     73.98   101.436         0         0   
    2.563    -1.335    63.439   28.6681     98.02     5.535   74.7128   102.111         0         0   
    2.626     3.758   63.8604   28.2631     97.81     5.436   75.4429   102.872         0         0   
    2.689      4.56   64.2603   27.8725     98.59      4.98   76.1587   103.572         0         0   
    2.751     4.388   64.7653   27.4998     99.98      4.97   76.8498   104.288         0         0   
    2.814     2.929   65.4922    27.134     99.95     5.133   77.5389   105.102         0         0   
    2.876     -3.21   66.3037   26.7852       100     4.688   78.2046   105.921         0         0   
    2.939     -4.77     66.91   26.4428     100.5     4.215   78.8686   106.647         0         0   
    3.001    -5.367   67.5024   26.1168     101.5      3.98   79.5104   107.386         0         0   
    3.064    -5.373   68.0891    25.796     102.3     4.451   80.1509   108.152         0         0   
    3.126    -4.263   68.6553   25.4918     103.4     4.389   80.7703   108.945         0         0   
    3.189     2.225   69.1524   25.1917     104.1      4.25   81.3887   109.753         0         0   
    3.251     5.319   69.6977    24.907     104.8     4.151   81.9869   110.582         0         0   
    3.314      7.78   70.4017   24.6262       106     4.658   82.5845   111.551         0         0   
    3.376     9.963   70.9778   24.3593     107.8     5.368   83.1628   112.457         0         0   
    3.439     12.08   71.5825   24.0964     108.8     5.801   83.7407   113.416         0         0   
    3.501     14.33   72.0233   23.8456       110     5.913   84.3001   114.315         0         0   
    3.564     16.21   72.2958   23.5994     110.8     5.957   84.8593   115.098         0         0   
    3.626      17.4   72.4032   23.3637     111.9     6.024   85.4009    115.69         0         0   
    3.689     17.95   72.1465   23.1323     113.2     6.022   85.9424   115.968         0         0   
    3.751     18.05   71.8688   22.9109     114.3     5.968    86.467   116.157         0         0   
    3.814        18   71.4946   22.6924     114.8     5.845   86.9918   116.267         0         0   
    3.877     17.95   70.9931   22.4811     115.8     5.533   87.5084   116.299         0         0   
    3.939     17.97   70.4659   22.2784     116.3      5.87   88.0091    116.32         0         0   
    4.002     18.19   69.9007   22.0789     116.7     5.649   88.5102   116.355         0         0   
    4.064      18.4   69.5991   21.8873     117.2     5.172   88.9959   116.541         0         0   
    4.127     18.73   69.2386   21.6986     117.5     5.133   89.4821   116.716         0         0   
    4.189     19.29   68.9384   21.5174     118.3     5.236   89.9536   116.958         0         0   
    4.252     20.02   68.7334   21.3381     119.1     5.377   90.4256   117.291         0         0   
    4.314     20.62   68.3974   21.1669     119.2     5.942   90.8835   117.521         0         0   
    4.377     21.05     67.82   20.9967     119.5     6.878    91.342   117.588         0         0   
    4.439     21.34   67.5686    20.834     120.6     7.367   91.7868   117.812         0         0   
    4.502      21.3   67.1551   20.6722     120.4     7.718   92.2324   117.888         0         0   
    4.564     21.41   66.6716   20.5174     120.5     7.834   92.6648   117.946         0         0   
    4.627     21.91   66.2617   20.3633     121.2     7.553    93.098   118.121         0         0   
    4.689     22.39   65.7352   20.2153     121.4     7.463   93.5184   118.223         0         0   
    4.752     22.25   65.3727   20.0689     121.7     6.861   93.9398   118.305         0         0   
    4.814     21.82   65.0555   19.9275     122.2     6.338   94.3488   118.352         0         0   
    4.877     22.14   64.8005   19.7876     122.7     6.054   94.7587   118.575         0         0   
    4.939     22.95   64.5371   19.6525     123.5      5.87   95.1568   118.881         0         0   
    5.002     23.44   64.1309   19.5182     124.4     5.873   95.5558   119.055         0         0   
    5.064     23.72   63.8206   19.3893     125.1     5.817   95.9433   119.234         0         0   
    5.127     24.13   63.5664   19.2606     125.9     5.933   96.3318   119.473         0         0   
     5.19     24.52   63.2062    19.135     125.9     6.142   96.7152    119.65         0         0   
    5.252     24.58   62.8881   19.0135     126.1     6.468   97.0876   119.777         0         0   
    5.315     24.42   62.4989    18.893     125.8     6.591   97.4612   119.825         0         0   
    5.377     24.57   62.1742   18.7763     126.1     6.455    97.824   119.964         0         0   
     5.44     24.78   62.0974     18.66     126.3      6.02    98.188   120.246         0         0   
    5.502     24.64   61.6617   18.5482     125.9     5.658   98.5416   120.265         0         0   
    5.565     24.61   61.2678   18.4363     125.4     5.887   98.8965   120.332         0         0   
    5.627     24.71   61.1561   18.3286       126     5.944   99.2412   120.563         0         0   
     5.69     24.58   60.9338   18.2208       126     5.919   99.5872   120.693         0         0   
    5.752     24.42   60.6779   18.1171     125.5     5.909   99.9234   120.793         0         0   
    5.815     24.33   60.7803   18.0131     125.1     5.917   100.261    121.09         0         0   
    5.877     24.33   60.7595   17.9127     125.4     5.576   100.589   121.337         0         0   
     5.94     24.55   60.4785   17.8127     125.7     5.371   100.918   121.499         0         0   
    6.002     24.74   60.2636   17.7157     125.9     5.086   101.238   121.683         0         0   
    6.065     24.72   59.8918   17.6191     126.9     4.891   101.559   121.749         0         0   
    6.127     24.84    59.584   17.5253     127.4     4.766   101.872    121.87         0         0   
     6.19     25.22   59.3899   17.4316       127     4.889   102.185   122.102         0         0   
    6.252     25.49   59.1853   17.3412     127.5     4.936    102.49   122.301         0         0   
    6.315     25.55   59.0046   17.2505     128.1     4.844   102.796    122.47         0         0   
    6.377     25.73   58.7998    17.163     128.6     4.853   103.094   122.647         0         0   
     6.44     25.95   58.6237   17.0751     128.1     4.911   103.393   122.849         0         0   
    6.503     25.94   58.4433    16.989     127.3     4.831   103.688   122.998         0         0   
    6.565     25.83   58.3246   16.9051       127     4.735   103.976   123.149         0         0   
    6.628     25.74   58.2486   16.8213     126.6     4.931   104.264   123.327         0         0   
     6.69     25.58   58.0376   16.7403     126.7      4.76   104.545    123.42         0         0   
    6.753      25.4   57.7176    16.659     126.8     4.815   104.827   123.461         0         0   
    6.815      25.5   57.6453   16.5804     126.7     4.774   105.101   123.671         0         0   
    6.878     25.78   57.6462   16.5014     126.8     4.638   105.377   123.953         0         0   
     6.94     26.17   57.5497   16.4251     126.8     4.775   105.645   124.207         0         0   
    7.003     26.53   57.3616   16.3484     126.9     4.565   105.914   124.416         0         0   
    7.065     26.81   57.1224    16.274     126.5     4.618   106.176   124.579         0         0   
    7.128      27.1   56.7246   16.1996       126     4.804    106.44   124.675         0         0   
     7.19     27.48   56.6709   16.1273     126.3     4.816   106.696   124.943         0         0   
    7.253     27.86   56.7031    16.055     126.7     4.753   106.953   125.253         0         0   
    7.315     28.21   56.3924   15.9845     126.2     4.775   107.204   125.396         0         0   
    7.378     28.52   56.3703    15.914     126.1     4.523   107.456   125.662         0         0   
     7.44     28.78   56.2497   15.8457     126.4     4.326   107.701   125.869         0         0   
    7.503     28.93   55.9093    15.777     126.6     4.346   107.947   125.954         0         0   
    7.565     29.07   55.7077   15.7104     127.1     4.361   108.187   126.094         0         0   
    7.628     29.09   55.3776   15.6435     127.7     4.569   108.428   126.152         0         0   
     7.69     29.09   55.1163   15.5787     128.1     4.667   108.662   126.231         0         0   
    7.753     29.45   54.9463   15.5134     127.9     4.857   108.898   126.435         0         0   
    7.816      29.8   54.5782    15.449     128.3     4.623   109.131   126.551         0         0   
    7.878     29.85   54.3009   15.3865     128.1     4.432   109.358   126.632         0         0   
    7.941     30.16   54.1333   15.3237     127.4     4.429   109.587   126.823         0         0   
    8.003     30.45   53.8181   15.2628     127.8     4.099   109.809   126.943         0         0   
    8.066     30.25    53.697   15.2015     128.3     3.842   110.032    127.03         0         0   
    8.128     30.01   53.5258    15.142     128.5     4.034    110.25   127.082         0         0   
    8.191     29.91   53.1187   15.0823     128.7     4.137   110.468   127.071         0         0   
    8.253     29.83   52.8327   15.0242     129.1     4.092   110.681   127.111         0         0   
    8.316     30.01   52.5994   14.9658     129.2     4.198   110.895   127.236         0         0   
    8.378     30.46    52.441   14.9091     129.2     4.378   111.104   127.453         0         0   
    8.441     30.74   52.3927   14.8521     129.3     4.586   111.313   127.676         0         0   
    8.503     30.67   52.1045   14.7966     129.4      4.73   111.518   127.713         0         0   
    8.566      30.6   51.6666   14.7409     129.3     4.858   111.723   127.691         0         0   
    8.628     30.64    51.554   14.6867     129.2     4.982   111.923   127.824         0         0   
    8.691     30.74   51.3812   14.6323     128.9     5.176   112.124   127.949         0         0   
    8.753     30.99   51.2769   14.5793     128.9     5.194    112.32   128.133         0         0   
    8.816     31.33   51.1786    14.526     128.3     5.104   112.517   128.343         0         0   
    8.878     31.65   50.8609   14.4742     128.5     4.761   112.709   128.457         0         0   
    8.941     31.84   50.5685   14.4221     128.4     4.699   112.902   128.552         0         0   
    9.003     31.79   50.4893   14.3713     128.5     4.662    113.09   128.668         0         0   
    9.066     31.81   50.3439   14.3204       128     4.809   113.279   128.777         0         0   
    9.129     31.83   50.2649   14.2699     127.8     4.859   113.466    128.91         0         0   
    9.191     31.78   50.1629   14.2208     127.5      4.51   113.648   129.013         0         0   
    9.254     31.77   49.8734   14.1714       128     4.462   113.831   129.055         0         0   
    9.316     31.75    49.723   14.1233     128.2     4.679    114.01   129.144         0         0   
    9.379     31.81   49.6344    14.075     127.9     4.566    114.19   129.278         0         0   
    9.441     31.94   49.5189   14.0278     127.7     4.504   114.365   129.416         0         0   
    9.504     32.15   49.3905   13.9805     127.8     5.378   114.541   129.569         0         0   
    9.566     32.51   49.1495   13.9343     127.7     4.901   114.713   129.714         0         0   
    9.629     32.88   48.8318   13.8879     127.5     4.363   114.885   129.835         0         0   
    9.691     33.05   48.6838   13.8426     127.6      4.31   115.054   129.967         0         0   
    9.754     33.09     48.57   13.7971     127.7       4.3   115.223    130.08         0         0   
    9.816     33.09   48.4588   13.7528     127.6     4.438   115.388    130.18         0         0   
    9.879     33.48   48.3369   13.7081     127.3     4.651   115.554   130.376         0         0   
    9.941     34.02   48.0494   13.6646     127.4     4.704   115.716   130.549         0         0   
       10     34.27   47.8094   13.6236     127.3     4.688   115.868   130.657         0         0   
    10.07     34.41   47.6828   13.5755     127.3     4.423   116.047   130.801         0         0   
    10.13     34.35   47.5861   13.5346     127.2     4.441   116.199   130.881         0         0   
    10.19     34.23   47.4838   13.4941     127.4     4.289   116.349   130.942         0         0   
    10.25     34.33   47.3352    13.454     127.7     4.188   116.499   131.042         0         0   
    10.32     34.69   47.0068   13.4076       128     3.976   116.671   131.167         0         0   
    10.38     35.08   46.8298   13.3682     128.1     3.966   116.817   131.334         0         0   
    10.44     35.34   46.7386   13.3292     128.3     3.959   116.962   131.496         0         0   
     10.5     35.34   46.6511   13.2905     128.2     3.995   117.105   131.588         0         0   
    10.57     35.48    46.541   13.2458     128.6     3.833   117.271    131.73         0         0   
    10.63     35.76   46.3042   13.2079       129      3.64   117.411   131.843         0         0   
    10.69     35.93   46.0492   13.1703     129.8     3.548    117.55   131.921         0         0   
    10.75     36.03   45.9224    13.133     130.1     3.622   117.688   132.023         0         0   
    10.82      36.1   45.8401   13.0898     130.3     3.611   117.848   132.151         0         0   
    10.88      36.3   45.7467   13.0532     130.4     3.543   117.983   132.291         0         0   
    10.94     36.55   45.6364   13.0169     130.4     4.284   118.117   132.437         0         0   
       11     36.66   45.3733   12.9809     130.5     4.247    118.25   132.492         0         0   
    11.07      36.7   45.1418   12.9393     130.8     3.351   118.403   132.557         0         0   
    11.13     36.74   45.0432   12.9039     130.6      3.38   118.534   132.648         0         0   
    11.19     36.89   44.9864   12.8689     130.6     3.313   118.663   132.782         0         0   
    11.25     37.14      44.9   12.8341     130.9     3.134    118.79   132.933         0         0   
    11.32     37.25   44.7165   12.7939     131.1     3.106   118.938    133.03         0         0   
    11.38     37.34   44.4656   12.7597     130.8      3.13   119.064    133.08         0         0   
    11.44     37.35   44.3062   12.7258     130.7      3.19   119.188   133.138         0         0   
     11.5     37.32   44.2175   12.6922     130.5      3.18   119.311   133.207         0         0   
    11.57     37.31   44.1522   12.6533     130.8     3.166   119.453   133.306         0         0   
    11.63     37.38    44.063   12.6202     130.9      3.89   119.574   133.402         0         0   
    11.69     37.53   43.8562   12.5874     131.3     3.023   119.694    133.48         0         0   
    11.75     37.66   43.6384   12.5549     131.5     2.965   119.812   133.548         0         0   
    11.82     37.71   43.4932   12.5173     131.5     3.053   119.949   133.635         0         0   
    11.88     37.68   43.4169   12.4853     131.7     3.169   120.066   133.703         0         0   
    11.94     37.57   43.3801   12.4535       132      3.13   120.181    133.76         0         0   
       12     37.54   43.2678    12.422     131.8     3.131   120.295   133.815         0         0   
    12.07     37.45   43.0103   12.3856     132.2     3.164   120.427   133.823         0         0   
    12.13     37.36   42.8306   12.3546     133.1     3.324   120.539   133.838         0         0   
    12.19      37.4   42.7352   12.3238     133.1     3.218    120.65   133.916         0         0   
    12.25     37.48   42.6603   12.2933     133.3     3.178    120.76   134.011         0         0   
    12.32     37.44   42.6143    12.258     132.9     3.189   120.888   134.096         0         0   
    12.38      37.5   42.4632   12.2279     132.5      3.04   120.996    134.16         0         0   
    12.44     37.64   42.2492   12.1981     132.9     3.948   121.103   134.225         0         0   
     12.5     37.71   42.0977   12.1685     133.3     3.372   121.209    134.29         0         0   
    12.57     37.73   42.0001   12.1343     133.4      3.39   121.331   134.373         0         0   
    12.63     37.71   41.9839   12.1051     133.1     3.353   121.435   134.454         0         0   
    12.69     37.62   41.8956   12.0762     133.2     3.488   121.539   134.492         0         0   
    12.75     37.55   41.7127   12.0475     133.1     3.537   121.641   134.505         0         0   
    12.82      37.4    41.495   12.0142     133.9     3.615   121.759     134.5         0         0   
    12.88     37.36   41.3842    11.986     133.3     6.303    121.86   134.543         0         0   
    12.94     37.46   41.3099   11.9579     133.4     3.781   121.959   134.636         0         0   
    13.01     37.46   41.2884   11.9254     133.9     3.714   122.074    134.73         0         0   
    13.07     37.29   41.1727   11.8977     134.2     4.379   122.172   134.734         0         0   
    13.13     37.17   40.9725   11.8703     134.9      4.65   122.268   134.725         0         0   
    13.19     37.17   40.8093    11.843       135     4.179   122.364    134.76         0         0   
    13.26     37.11   40.7049   11.8115     134.1      4.45   122.475    134.81         0         0   
    13.32     37.05   40.6402   11.7846     134.3      4.59   122.569   134.857         0         0   
    13.38     36.95   40.6298   11.7579     134.3     4.576   122.663   134.909         0         0   
    13.44     36.89   40.4912   11.7314     135.4     4.159   122.755   134.933         0         0   
    13.51     36.99   40.2784   11.7007     136.5     4.006   122.862   134.991         0         0   
    13.57      37.1   40.1488   11.6746     136.8     4.374   122.953   135.063         0         0   
    13.63     37.15   40.0715   11.6487     137.4     3.889   123.043   135.133         0         0   
    13.69     37.29   40.0075   11.6229     137.8     4.052   123.132   135.232         0         0   
    13.76     37.51   39.9756   11.5931     138.5     4.291   123.235   135.375         0         0   
    13.82     37.59   39.7999   11.5677     139.4     4.718   123.323   135.423         0         0   
    13.88      37.5   39.6434   11.5425     139.1     4.675   123.409   135.429         0         0   
    13.94     37.51   39.5358   11.5174     139.9     5.065   123.495   135.476         0         0   
    14.01     37.61   39.4555   11.4884     141.2     4.729   123.595   135.569         0         0   
    14.07      37.5   39.4652   11.4637     142.4     4.556   123.679   135.616         0         0   
    14.13     37.29   39.3597   11.4391     142.9       4.8   123.763   135.602         0         0   
    14.19     37.26   39.1837   11.4147     143.9     4.446   123.846   135.616         0         0   
    14.26      37.3   39.0179   11.3865     141.4     4.846   123.942   135.665         0         0   
    14.32     37.27   38.9374   11.3624     142.1     4.415   124.023   135.706         0         0   
    14.38     37.16   38.8766   11.3385     141.6      4.61   124.104    135.73         0         0   
    14.44     37.11   38.8869   11.3148     141.1     6.545   124.184   135.791         0         0   
    14.51     37.15   38.7299   11.2872     139.8     4.895   124.277   135.839         0         0   
    14.57      37.2   38.5733   11.2638     140.8     4.557   124.355   135.878         0         0   
    14.63     37.18    38.451   11.2405     140.3      4.94   124.433   135.907         0         0   
    14.69     37.16   38.3782   11.2174     139.7     4.891   124.511    135.95         0         0   
    14.76     37.13   38.3135   11.1906     140.2     4.893     124.6   136.003         0         0   
    14.82     36.98   38.3079   11.1677     139.7     4.545   124.676   136.029         0         0   
    14.88     36.88   38.1519    11.145     139.5     4.288   124.751   136.025         0         0   
    14.94     36.88   38.0132   11.1225     138.5     4.278   124.825   136.052         0         0   
    15.01     37.01   37.8981   11.0964     137.3     4.754   124.912   136.132         0         0   
    15.07      37.2   37.8348   11.0741     138.3     4.406   124.985   136.232         0         0   
    15.13     37.35   37.7807    11.052       141     3.761   125.057   136.323         0         0   
    15.19     37.39   37.7638     11.03     141.6     3.656   125.129   136.393         0         0   
    15.26     37.35   37.5856   11.0045     140.7     3.531   125.212   136.407         0         0   
    15.32     37.32   37.4577   10.9828     139.5     3.432   125.283   136.427         0         0   
    15.38      37.3   37.3814   10.9612     140.6     3.371   125.353   136.463         0         0   
    15.44     37.26   37.3235   10.9397     139.5     3.475   125.422   136.498         0         0   
    15.51     37.24   37.3346   10.9149     138.7     3.367   125.502   136.568         0         0   
    15.57     37.18   37.2066   10.8937     139.5     3.159   125.571   136.577         0         0   
    15.63     37.06   37.0676   10.8726     141.1      3.13   125.638   136.567         0         0   
    15.69     36.92   36.9521   10.8517       140     3.084   125.705   136.558         0         0   
    15.76     36.73   36.8756   10.8274     140.1     3.011   125.782   136.555         0         0   
    15.82     36.58   36.8253   10.8068     140.9     2.845   125.848    136.56         0         0   
    15.88     36.45   36.8347   10.7862     140.9     2.843   125.913   136.587         0         0   
    15.94     36.39    36.695   10.7658     140.5     3.088   125.978   136.591         0         0   
    16.01     36.26   36.5513   10.7421     139.6     2.813   126.053   136.585         0         0   
    16.07     36.16   36.4614   10.7219     138.2     3.083   126.116   136.591         0         0   
    16.13     36.14   36.4023   10.7018     136.5     4.838   126.179   136.627         0         0   
    16.19     36.24   36.3553   10.6818     135.9     4.495   126.241   136.697         0         0   
    16.26     36.27   36.3299   10.6587     135.3     4.074   126.313   136.763         0         0   
    16.32     36.23   36.1927    10.639     136.1     5.706   126.375   136.771         0         0   
    16.38     36.15   36.0768   10.6193     136.3     4.518   126.435   136.774         0         0   
    16.44     36.02   36.0026   10.5998     135.7     4.072   126.495   136.774         0         0   
    16.51     35.79   35.9415   10.5772     135.5     3.552   126.565    136.76         0         0   
    16.57      35.6   35.8957    10.558     135.5     3.318   126.624   136.751         0         0   
    16.63     35.44   35.8565   10.5388     135.1      3.64   126.683   136.752         0         0   
    16.69     35.34    35.732   10.5197     134.9     2.521   126.741   136.746         0         0   
    16.76      35.2   35.6115   10.4976     134.3      2.02   126.808   136.739         0         0   
    16.82     35.05   35.5537   10.4788     134.4     1.982   126.865   136.737         0         0   
    16.88     34.93   35.5058     10.46     135.4     1.907   126.921   136.745         0         0   
    16.94     34.87   35.5272   10.4414     134.5     1.987   126.977   136.786         0         0   
    17.01     34.91   35.3798   10.4198     133.7      2.03   127.042   136.816         0         0   
    17.07        35   35.2724   10.4014     133.2     2.648   127.097   136.861         0         0   
    17.13     35.08   35.1864    10.383     133.2     2.348   127.151   136.909         0         0   
    17.19     35.09   35.1312   10.3648       134     2.946   127.205   136.946         0         0   
    17.26        35   35.0814   10.3437     134.3     4.443   127.268   136.966         0         0   
    17.32     34.97   35.0754   10.3256     135.5     5.942   127.321   137.005         0         0   
    17.38     34.93   34.9526   10.3077     135.3     5.264   127.373   137.011         0         0   
    17.44     34.89     34.85   10.2899     134.2     4.969   127.425   137.022         0         0   
    17.51     34.82   34.7691   10.2692     134.6     4.842   127.486   137.038         0         0   
    17.57     34.74   34.7203   10.2516     135.9     3.963   127.537   137.052         0         0   
    17.63     34.62   34.6812    10.234     137.3     4.521   127.588   137.057         0         0   
    17.69     34.59   34.6563   10.2166     137.5     5.241   127.638   137.089         0         0   
    17.76     34.54    34.529   10.1963     138.6     5.564   127.696   137.097         0         0   
    17.82     34.53   34.4344    10.179     137.1     5.836   127.745   137.115         0         0   
    17.88     34.48   34.3808   10.1619     136.9     5.429   127.794   137.133         0         0   
    17.94     34.49   34.3377   10.1448     137.2      5.07   127.843   137.169         0         0   
    18.01     34.48   34.2931    10.125     138.5     4.721   127.899   137.206         0         0   
