!# Results of ROTMAS saved at 13-Oct-2007 (12:56:23)
!# User velocity         : Vu=SQRT(4*{PI}*4.321*RHO*RC*RC*(1-(RC/R)*ATAN(R/RC)))
!# Total velocity        : Vt=SQRT(MG*VG*ABS(VG)+MD*VD*ABS(VD)+MB*VB*ABS(VB)+VU**2)
!# Chi-square            : 24.9459
!# Red. Chi-square (N=141,n=4) : 0.182087
!# Parameter name  :           RC         RHO          MB          MD          MG
!# Parameter value :     1.365720   674.797974     0.992265     0.830458     1.000000 
!# Parameter error :     0.748106   736.403015     0.360482     0.052524     0.000000 
!#
!# Radius |  vgas   |  vdisk  |  vbulge |  vobs   | err vobs|   Vu    |   Vt    |   Rxv   |   Vxy   |
!# kpc       km/s      km/s       km/s     km/s     km/s       km/s      km/s       kpc       km/s   
!#===================================================================================================
    3.765    -12.21   140.085   184.798     302.2     10.83   195.008   302.743         0         0   
    4.107    -12.69   147.842   176.323     305.8     10.26    199.85    304.51         0         0   
    4.449    -12.86   155.198   168.496     307.8     8.334   204.051    306.51         0         0   
    4.791    -12.97    160.26   161.078     309.3     7.667   207.728   307.591         0         0   
    5.133    -12.91   167.689    154.83     310.9     5.307    210.97   310.537         0         0   
    5.476     -12.6   174.157   149.086     312.8     4.985   213.857   313.262         0         0   
    5.818    -12.38   176.975   143.636       315     5.832   216.429    314.07         0         0   
     6.16    -12.42   179.689   139.013     316.4     6.004   218.741   315.129         0         0   
    6.502    -12.39   182.567    134.75       317     5.832   220.829   316.386         0         0   
    6.845    -12.26    184.74   130.686     318.2     4.808   222.731    317.28         0         0   
    7.187    -12.12   187.616   127.187     320.6     5.478   224.458   318.765         0         0   
    7.529    -12.05   190.747    123.98     321.4       4.1    226.04   320.475         0         0   
    7.871    -12.04   193.296   120.869     321.7     3.858   227.493   321.839         0         0   
    8.214    -11.83    196.11   118.091     322.4      3.74   228.835   323.466         0         0   
    8.556    -11.05   198.298   115.574     322.4     3.695   230.073   324.794         0         0   
    8.898    -9.262   199.089   113.091     322.6     3.764   231.221   325.274         0         0   
     9.24    -6.106   199.234    110.82     323.1     3.669   232.288   325.416         0         0   
    9.583     3.598   198.999   108.762     323.5     3.675   233.285   325.369         0         0   
    9.925     7.124   198.572   106.677     323.3     3.611   234.215   325.143         0         0   
    10.27     9.213   198.509   104.785     323.1       3.5   235.092   325.175         0         0   
    10.61     11.57   198.227   103.081     323.9     4.015   235.903   325.121         0         0   
    10.95     14.19   197.165   101.304     323.6     4.693   236.666   324.575         0         0   
    11.29     16.25   195.763   99.7241     322.8     4.423   237.385   323.858         0         0   
    11.64     17.68    194.17   98.2236     321.7     4.351   238.083   323.026         0         0   
    11.98     18.08   192.503   96.6758     320.4      4.48   238.723   322.055         0         0   
    12.32     17.97   191.176    95.315     320.4     4.861   239.329   321.302         0         0   
    12.66     18.46   190.045   94.0484     320.7     4.953   239.904   320.713         0         0   
       13     19.01   188.281   92.6848     321.2     5.013    240.45   319.715         0         0   
    13.35     18.81   186.137   91.4558     321.2     4.952   240.984   318.494         0         0   
    13.69      17.6   184.078   90.3442     319.2     4.069   241.477   317.281         0         0   
    14.03     16.63   181.511   89.1294     317.4     3.333   241.947   315.761         0         0   
    14.37     16.85   178.985   88.0705     316.6     3.258   242.395   314.374         0         0   
    14.72     17.55   176.686   87.0536     315.7     4.088   242.835   313.167         0         0   
    15.06      18.1   174.363   85.9587     313.7     4.295   243.244   311.908         0         0   
     15.4      18.3   172.289   85.0144       312     4.146   243.636   310.812         0         0   
    15.74      18.2   170.377   84.1282       311     4.786    244.01   309.804         0         0   
    16.08      18.1   168.264   83.1361     310.4     5.051    244.37   308.656         0         0   
    16.43     18.77   166.398   82.2595     309.4     5.497   244.725   307.729         0         0   
    16.77     20.05   164.695   81.4606     308.5      5.94   245.056   306.944         0         0   
    17.11     21.07   162.811   80.5552     307.4     6.941   245.374   306.021         0         0   
    17.45     21.69   161.175   79.7819     306.4     8.575    245.68    305.24         0         0   
     17.8     21.83   159.523   79.0343       305        10   245.983   304.431         0         0   
    18.14     21.54   157.825   78.2043     304.9     10.12   246.266   303.538         0         0   
    18.48     20.93   156.395   77.4975     303.6     10.29   246.539   302.795         0         0   
    18.82     20.01   154.957   76.8334     301.3     10.84   246.803   302.038         0         0   
    19.17     19.26   153.303   76.0495     300.8     10.29   247.064   301.159         0         0   
    19.51     19.69   151.896   75.4007     300.1     9.189    247.31   300.512         0         0   
    19.85     20.47   150.551   74.7911     300.2     8.384   247.547    299.93         0         0   
    20.19     21.05   149.131   74.0823     300.3     8.167   247.776   299.273         0         0   
    20.53      21.8   147.822   73.4839     300.6     7.767   247.998   298.713         0         0   
    20.88     22.58   146.533   72.9047     300.9     7.515   248.219   298.177         0         0   
    21.22     23.34    145.18   72.2449       301     7.883   248.427   297.586         0         0   
    21.56     24.32   143.913   71.6915     300.6     8.021   248.629   297.083         0         0   
     21.9     25.94   142.697   71.1699     300.1     8.213   248.824   296.671         0         0   
    22.25     28.15    141.37    70.539     299.9     8.068   249.019    296.25         0         0   
    22.59     30.48    140.19   70.0251     299.8     8.358   249.202   295.952         0         0   
    22.93     32.31   139.086   69.5403     299.2     9.019   249.381   295.661         0         0   
    23.27     34.03   137.924   68.9639     299.8     9.287   249.554   295.321         0         0   
    23.61     35.49     136.9   68.4842     300.2     9.299   249.722   295.047         0         0   
    23.96     36.66   135.921   68.0183     300.8     9.691   249.891   294.772         0         0   
     24.3     37.28   134.857    67.477     300.4     9.839   250.049   294.371         0         0   
    24.64     37.83   133.875   67.0285     300.6     10.06   250.204   294.021         0         0   
    24.98      38.4    132.89   66.6047     300.8     10.89   250.355    293.68         0         0   
    25.33     38.82   131.739   66.0824     300.8     11.81   250.505   293.227         0         0   
    25.67     39.04   130.702   65.6624     299.5     13.72   250.648   292.819         0         0   
    26.01      39.2   129.712   65.2648     299.7     14.34   250.787    292.43         0         0   
    26.35     39.37   128.647   64.8556     297.4     16.19   250.922   292.007         0         0   
    26.69     39.66   127.697   64.3882       296     17.34   251.054   291.639         0         0   
    27.04     39.77   126.757   64.0029     297.3     18.91   251.187   291.273         0         0   
    27.38     39.75   125.761   63.6165     296.2     19.71   251.312   290.862         0         0   
    27.72     39.71   124.879    63.175     296.5     20.21   251.434   290.486         0         0   
    28.06     39.62   124.023    62.822     293.7     21.07   251.554   290.133         0         0   
    28.41     39.63   123.065   62.4462     290.3     22.84   251.674    289.75         0         0   
    28.75     39.61   122.235   62.0284     289.7     23.81   251.788   289.404         0         0   
    29.09     39.58   121.434   61.6948     285.8     23.78   251.899   289.088         0         0   
    29.43      39.7   120.555   61.3492     286.7     20.92   252.008   288.758         0         0   
    29.77     39.95   119.772   60.9517     284.4     21.39   252.114   288.475         0         0   
    30.12     40.11   118.997   60.6264     284.9     19.94   252.221   288.201         0         0   
    30.46     40.23   118.168   60.2979     285.7     19.11   252.322   287.897         0         0   
     30.8      40.4   117.429   59.9204     286.4     19.69   252.422   287.626         0         0   
    31.14     40.56    116.72   59.6203     288.7     18.32   252.519   287.383         0         0   
    31.49     40.61   115.916   59.2991     285.4     17.41   252.617   287.084         0         0   
    31.83     40.64   115.218   58.9399       285      16.2    252.71   286.815         0         0   
    32.17     40.59   114.548   58.6546     283.9     15.36   252.801   286.561         0         0   
    32.51     40.55   113.808   58.3579     282.1     14.54    252.89   286.279         0         0   
    32.85     40.51   113.147   58.0144     283.6     14.39   252.977   286.018         0         0   
     33.2     40.63   112.496   57.7346     284.3     13.66   253.065     285.8         0         0   
    33.54     40.67   111.794   57.4512     282.4     13.82   253.149   285.547         0         0   
    33.88     40.71   111.169   57.1235     282.9     12.94   253.231   285.316         0         0   
    34.22     40.92   110.571   56.8642     283.1     13.24   253.312   285.133         0         0   
    34.57     40.93   109.887   56.5856     281.2     12.73   253.393   284.887         0         0   
    34.91     40.71   109.293   56.2725       281     12.03   253.471   284.634         0         0   
    35.25     40.72   108.727   56.0249     282.1     11.53   253.547   284.437         0         0   
    35.59      40.8   108.093   55.7663     281.7      11.2   253.621   284.222         0         0   
    35.93     40.87    107.53   55.4657     281.3     10.91   253.694   284.025         0         0   
    36.28     41.15   106.977   55.2218     281.4     10.63   253.768   283.875         0         0   
    36.62     41.35   106.374   54.9738     280.2     10.41   253.838   283.692         0         0   
    36.96     41.52   105.839   54.6859     279.4     10.22   253.908   283.523         0         0   
     37.3     41.77   105.328    54.459     278.9     10.61   253.975   283.387         0         0   
    37.65      41.8   104.737   54.2143     279.2     10.91   254.044   283.186         0         0   
    37.99      41.9   104.228   53.9381     278.8     11.22   254.109    283.02         0         0   
    38.33     41.88   103.743   53.7206     276.8     11.87   254.174   282.854         0         0   
    38.67     41.84   103.193   53.4927     275.9     12.06   254.237   282.661         0         0   
    39.01     41.99   102.707   53.2265     275.8     12.11   254.299   282.512         0         0   
    39.36     42.13   102.232   53.0116     275.1     12.93   254.362   282.376         0         0   
     39.7      42.1   101.706   52.7922     273.7     12.52   254.422   282.195         0         0   
    40.04        42   101.242   52.5364     273.1     12.42   254.481   282.018         0         0   
    40.38     41.86     100.8   52.3357       274     12.48   254.539   281.854         0         0   
    40.73     41.54   100.284   52.1186       274     11.97   254.597   281.636         0         0   
    41.07     41.56   99.8405   51.8727     273.7     11.61   254.653   281.486         0         0   
    41.41     41.78   99.4186   51.6796     273.3     10.91   254.708   281.384         0         0   
    41.75     41.92   98.9365   51.4767     272.9     10.71   254.763   281.246         0         0   
    42.09     42.17   98.5119   51.2389       272      10.8   254.816    281.14         0         0   
    42.44      42.4   98.0954   51.0475     271.8        11    254.87   281.043         0         0   
    42.78     42.72   97.6334   50.8517     271.2     11.82   254.922   280.942         0         0   
    43.12     43.11    97.226   50.6226     270.6     11.61   254.973   280.865         0         0   
    43.46     43.39   96.8387   50.4433     271.1      11.7   255.023   280.787         0         0   
    43.81     43.83   96.3822   50.2489     272.2      11.6   255.073    280.71         0         0   
    44.15      44.3   95.9921    50.028     273.2     11.72   255.122   280.654         0         0   
    44.49     44.56   95.6203   49.8551     274.6      12.1    255.17   280.581         0         0   
    44.83     44.78   95.2084    49.673     275.4     12.61   255.217   280.487         0         0   
    45.17     44.87   94.8175   49.4589       278     12.92   255.263   280.373         0         0   
    45.52     44.75   94.4493   49.2871     281.1      13.1    255.31   280.242         0         0   
    45.86     44.55   94.0529   49.1109     279.7     12.72   255.355   280.087         0         0   
     46.2     44.44   93.6774   48.9041     279.6      11.8   255.399   279.948         0         0   
    46.54     44.49    93.333   48.7426     280.1      10.8   255.443   279.852         0         0   
    46.89     44.54   92.9411   48.5674     282.6     10.76   255.487    279.74         0         0   
    47.23     44.55   92.5793   48.3674     282.9     11.23    255.53   279.626         0         0   
    47.57     44.41   92.2485   48.2115     284.2     11.09   255.572   279.505         0         0   
    47.91     44.39   91.8813   48.0467     282.9      19.9   255.613    279.39         0         0   
    48.25      44.3   91.5313   47.8526     284.6     10.42   255.653   279.265         0         0   
     48.6     44.15   91.2024   47.6973     285.9     13.96   255.695   279.145         0         0   
    48.94     43.92   90.8478   47.5376     283.9     10.59   255.734   279.002         0         0   
    49.28     43.71   90.5104   47.3496     283.4     9.296   255.773   278.863         0         0   
    49.62     43.54   90.2024   47.2034     282.1     9.442   255.812   278.747         0         0   
    49.97     43.43   89.8506   47.0441     279.6     9.889   255.851   278.625         0         0   
    50.31      43.4   89.5253   46.8622     277.6     10.95   255.888    278.52         0         0   
    50.65      43.4   89.2281   46.7205     278.2     12.22   255.925   278.434         0         0   
    50.99     43.42   88.8978   46.5706     284.7     10.43   255.961    278.34         0         0   
    51.33      43.4   88.5826   46.3935     287.9     11.44   255.997    278.24         0         0   
    51.68     43.35   88.2874   46.2522     289.1     11.09   256.034   278.148         0         0   
