!# Results of ROTMAS saved at 12-May-2008 (13:38:02)
!# User velocity         : Vu=SQRT(4*{PI}*4.321*RHO*RC*RC*(1-(RC/R)*ATAN(R/RC)))
!# Total velocity        : Vt=SQRT(MG*VG*ABS(VG)+MD*VD*ABS(VD)+MB*VB*ABS(VB)+VU**2)
!# Chi-square            : 277.357
!# Red. Chi-square (N=288,n=2) : 0.969780
!# Parameter name  :           RC         RHO          MB          MD          MG
!# Parameter value :     1.528360   145.820999     0.710000     0.710000     1.000000 
!# Parameter error :     0.040958     6.887234     0.000000     0.000000     0.000000 
!#
!# Radius |  vgas   |  vdisk  |  vbulge |  vobs   | err vobs|   Vu    |   Vt    |   Rxv   |   Vxy   |
!# kpc       km/s      km/s       km/s     km/s     km/s       km/s      km/s       kpc       km/s   
!#===================================================================================================
  0.06252    -0.878   -0.863672   7.14538      1.98     6.926   3.21031   7.73601         0         0   
    0.125    -1.771   3.64692   12.8643     15.78     7.691   6.40896   14.7217         0         0   
   0.1876     -2.74   7.30954   17.4078      22.3     4.584   9.59464   21.0003         0         0   
   0.2501    -3.448   10.5148   21.0776     32.16     4.542    12.747   26.5598         0         0   
   0.3126    -3.847   13.7908   24.0548     39.67     4.433   15.8627   31.7119         0         0   
   0.3751    -3.736   17.1019   26.4726     46.24     4.892   18.9337   36.5759         0         0   
   0.4377    -3.329   20.0633   28.4173     53.31     5.425   21.9575   41.0015         0         0   
   0.5002    -3.488   22.5073    29.962     59.93     5.252   24.9182   44.8671         0         0   
   0.5627    -3.553   24.6217   31.1778     63.97     4.703   27.8151   48.3668         0         0   
   0.6252    -3.157   26.6197   32.1126     67.31     4.833   30.6436   51.6613         0         0   
   0.6878    -2.552   28.4111   32.8111     71.34     5.217   33.4042   54.7091         0         0   
   0.7503     -1.75   30.1812   33.3033     75.57     5.835   36.0853   57.6116         0         0   
   0.8128    -1.157   31.8065    33.624     77.88     5.215   38.6891   60.3137         0         0   
   0.8753    0.9515   33.2278   33.7983     78.48     4.769   41.2144   62.8167         0         0   
   0.9379     1.491   34.4107   33.8521     79.11     4.473   43.6642   65.1064         0         0   
        1     -1.75   35.4495   33.8013     79.94     4.478   46.0157   67.1832         0         0   
    1.063    -3.049   36.5921    33.659     78.37     4.277   48.3216   69.2646         0         0   
    1.125    -3.095   37.7202   33.4539     78.17     5.311   50.5133   71.3022         0         0   
    1.188    -2.711   38.9961   33.1795     80.29     5.612   52.6629   73.4003         0         0   
     1.25    -1.524   40.5456   32.8666     81.05     4.532   54.7035   75.5931         0         0   
    1.313     2.252   42.3149   32.5035     82.24     4.249   56.7029    77.893         0         0   
    1.376     4.243   43.9459   32.1164     84.09     4.042   58.6295   80.1132         0         0   
    1.438     5.631   45.2635   31.7089     84.33     4.746   60.4565   82.1032         0         0   
    1.501     5.952   46.3121   31.2775     85.52     5.536   62.2452   83.8629         0         0   
    1.563      5.54   47.1939     30.84     87.43     6.061    63.941   85.4255         0         0   
    1.626     4.284   47.8496   30.3846      89.9     6.303   65.6011   86.8024         0         0   
    1.688     1.864   48.2801   29.9355     91.76      6.55   67.1749   87.9945         0         0   
    1.751    -1.383    48.718   29.4732     93.15     6.431   68.7157   89.2303         0         0   
    1.813     3.054   49.2361   29.0235     93.87     6.196   70.1768   90.5575         0         0   
    1.876     4.459   49.7344   28.5667     94.41     5.643   71.6076   91.8536         0         0   
    1.938     4.357   50.2091   28.1242     95.31     5.843   72.9648    93.031         0         0   
    2.001     4.822   50.5293     27.68     96.72     5.987   74.2945   94.1399         0         0   
    2.063     5.207   50.7541   27.2513     98.01      5.72   75.5565   95.1552         0         0   
    2.126     4.209   51.0198   26.8246     97.78     6.124   76.7936   96.1122         0         0   
    2.188     2.869   51.3137   26.4138     98.34     6.088   77.9683   97.0467         0         0   
    2.251    0.8887    51.768   26.0079     96.17     5.947   79.1204   98.0672         0         0   
    2.313    -2.144   52.1946   25.6176     96.39     6.168   80.2152   99.0476         0         0   
    2.376    -2.411   52.4536   25.2329     98.41     5.719   81.2897   99.9514         0         0   
    2.438    -3.313   52.8176    24.865     98.95      5.65   82.3114   100.857         0         0   
    2.501    -3.768   53.1906   24.5021     97.96     5.947   83.3148   101.768         0         0   
    2.563    -1.335   53.4547   24.1562     98.02     5.535   84.2696   102.667         0         0   
    2.626     3.758   53.8097   23.8149     97.81     5.436    85.208    103.62         0         0   
    2.689      4.56   54.1467   23.4858     98.59      4.98   86.1157     104.5         0         0   
    2.751     4.388   54.5722   23.1717     99.98      4.97   86.9804   105.356         0         0   
    2.814     2.929   55.1847   22.8635     99.95     5.133   87.8311   106.259         0         0   
    2.876     -3.21   55.8685   22.5696       100     4.688   88.6421   107.134         0         0   
    2.939     -4.77   56.3794   22.2811     100.5     4.215   89.4406   107.944         0         0   
    3.001    -5.367   56.8785   22.0064     101.5      3.98   90.2023   108.752         0         0   
    3.064    -5.373   57.3729   21.7361     102.3     4.451   90.9528   109.579         0         0   
    3.126    -4.263     57.85   21.4798     103.4     4.389   91.6692   110.422         0         0   
    3.189     2.225   58.2688   21.2269     104.1      4.25   92.3757   111.284         0         0   
    3.251     5.319   58.7283    20.987     104.8     4.151   93.0505   112.143         0         0   
    3.314      7.78   59.3215   20.7504       106     4.658   93.7163   113.106         0         0   
    3.376     9.963    59.807   20.5255     107.8     5.368   94.3528   114.017         0         0   
    3.439     12.08   60.3165    20.304     108.8     5.801   94.9813   114.968         0         0   
    3.501     14.33   60.6879   20.0927       110     5.913   95.5824    115.88         0         0   
    3.564     16.21   60.9175   19.8852     110.8     5.957   96.1764   116.701         0         0   
    3.626      17.4    61.008   19.6866     111.9     6.024   96.7449   117.354         0         0   
    3.689     17.95   60.7917   19.4916     113.2     6.022   97.3069   117.756         0         0   
    3.751     18.05   60.5577   19.3051     114.3     5.968   97.8452   118.065         0         0   
    3.814        18   60.2424    19.121     114.8     5.845   98.3777   118.309         0         0   
    3.877     17.95   59.8199   18.9429     115.8     5.533   98.8962    118.49         0         0   
    3.939     17.97   59.3756   18.7721     116.3      5.87   99.3932   118.658         0         0   
    4.002     18.19   58.8994    18.604     116.7     5.649   99.8853   118.841         0         0   
    4.064      18.4   58.6452   18.4426     117.2     5.172   100.357    119.12         0         0   
    4.127     18.73   58.3415   18.2836     117.5     5.133   100.825   119.392         0         0   
    4.189     19.29   58.0885   18.1309     118.3     5.236   101.274   119.714         0         0   
    4.252     20.02   57.9158   17.9798     119.1     5.377   101.719   120.104         0         0   
    4.314     20.62   57.6327   17.8355     119.2     5.942   102.146    120.41         0         0   
    4.377     21.05   57.1461   17.6921     119.5     6.878   102.569   120.591         0         0   
    4.439     21.34   56.9343    17.555     120.6     7.367   102.976   120.869         0         0   
    4.502      21.3   56.5859   17.4187     120.4     7.718    103.38   121.023         0         0   
    4.564     21.41   56.1785   17.2883     120.5     7.834   103.769   121.166         0         0   
    4.627     21.91   55.8331   17.1584     121.2     7.553   104.154   121.408         0         0   
    4.689     22.39   55.3895   17.0337     121.4     7.463   104.525   121.593         0         0   
    4.752     22.25    55.084   16.9104     121.7     6.861   104.893   121.728         0         0   
    4.814     21.82   54.8167   16.7912     122.2     6.338   105.247   121.819         0         0   
    4.877     22.14   54.6019   16.6733     122.7     6.054   105.599   122.068         0         0   
    4.939     22.95   54.3799   16.5595     123.5      5.87   105.938   122.397         0         0   
    5.002     23.44   54.0377   16.4463     124.4     5.873   106.275   122.614         0         0   
    5.064     23.72   53.7762   16.3377     125.1     5.817   106.599    122.82         0         0   
    5.127     24.13    53.562   16.2293     125.9     5.933   106.922   123.072         0         0   
     5.19     24.52   53.2585   16.1234     125.9     6.142   107.237   123.278         0         0   
    5.252     24.58   52.9905   16.0211     126.1     6.468   107.542   123.426         0         0   
    5.315     24.42   52.6625   15.9195     125.8     6.591   107.844   123.505         0         0   
    5.377     24.57   52.3889   15.8212     126.1     6.455   108.136   123.661         0         0   
     5.44     24.78   52.3242   15.7232     126.3      6.02   108.427   123.917         0         0   
    5.502     24.64   51.9571    15.629     125.9     5.658   108.707   123.968         0         0   
    5.565     24.61   51.6252   15.5347     125.4     5.887   108.986   124.057         0         0   
    5.627     24.71    51.531    15.444       126     5.944   109.255   124.263         0         0   
     5.69     24.58   51.3437   15.3531       126     5.919   109.524   124.385         0         0   
    5.752     24.42   51.1281   15.2657     125.5     5.909   109.783   124.482         0         0   
    5.815     24.33   51.2144   15.1781     125.1     5.917   110.041   124.716         0         0   
    5.877     24.33   51.1969   15.0935     125.4     5.576    110.29   124.919         0         0   
     5.94     24.55   50.9601   15.0092     125.7     5.371   110.538   125.074         0         0   
    6.002     24.74    50.779   14.9275     125.9     5.086   110.778   125.241         0         0   
    6.065     24.72   50.4657   14.8461     126.9     4.891   111.017   125.312         0         0   
    6.127     24.84   50.2064   14.7671     127.4     4.766   111.249   125.427         0         0   
     6.19     25.22   50.0428   14.6881       127     4.889   111.479   125.633         0         0   
    6.252     25.49   49.8704    14.612     127.5     4.936   111.702   125.808         0         0   
    6.315     25.55   49.7182   14.5355     128.1     4.844   111.924   125.949         0         0   
    6.377     25.73   49.5456   14.4618     128.6     4.853   112.139     126.1         0         0   
     6.44     25.95   49.3972   14.3877     128.1     4.911   112.354   126.269         0         0   
    6.503     25.94   49.2452   14.3152     127.3     4.831   112.565   126.387         0         0   
    6.565     25.83   49.1452   14.2445       127     4.735   112.769   126.499         0         0   
    6.628     25.74   49.0811   14.1739     126.6     4.931   112.972    126.63         0         0   
     6.69     25.58   48.9034   14.1056     126.7      4.76   113.169   126.697         0         0   
    6.753      25.4   48.6337   14.0371     126.8     4.815   113.366   126.725         0         0   
    6.815      25.5   48.5728   13.9709     126.7     4.774   113.557   126.885         0         0   
    6.878     25.78   48.5735   13.9043     126.8     4.638   113.747   127.105         0         0   
     6.94     26.17   48.4922     13.84     126.8     4.775   113.931   127.311         0         0   
    7.003     26.53   48.3337   13.7754     126.9     4.565   114.115   127.483         0         0   
    7.065     26.81   48.1322   13.7127     126.5     4.618   114.293   127.619         0         0   
    7.128      27.1    47.797     13.65       126     4.804   114.472   127.707         0         0   
     7.19     27.48   47.7517   13.5891     126.3     4.816   114.644   127.919         0         0   
    7.253     27.86   47.7789   13.5282     126.7     4.753   114.817    128.16         0         0   
    7.315     28.21   47.5171   13.4688     126.2     4.775   114.984   128.283         0         0   
    7.378     28.52   47.4985   13.4094     126.1     4.523   115.151   128.488         0         0   
     7.44     28.78   47.3968   13.3518     126.4     4.326   115.313   128.647         0         0   
    7.503     28.93     47.11   13.2939     126.6     4.346   115.475   128.715         0         0   
    7.565     29.07   46.9401   13.2378     127.1     4.361   115.632    128.82         0         0   
    7.628     29.09    46.662   13.1814     127.7     4.569    115.79   128.859         0         0   
     7.69     29.09   46.4418   13.1268     128.1     4.667   115.942   128.911         0         0   
    7.753     29.45   46.2986   13.0718     127.9     4.857   116.095   129.072         0         0   
    7.816      29.8   45.9884   13.0176     128.3     4.623   116.245   129.172         0         0   
    7.878     29.85   45.7547   12.9649     128.1     4.432    116.39   129.226         0         0   
    7.941     30.16   45.6135    12.912     127.4     4.429   116.536   129.374         0         0   
    8.003     30.45   45.3479   12.8607     127.8     4.099   116.678   129.471         0         0   
    8.066     30.25   45.2459    12.809     128.3     3.842    116.82   129.511         0         0   
    8.128     30.01   45.1016   12.7589     128.5     4.034   116.957   129.524         0         0   
    8.191     29.91   44.7586   12.7086     128.7     4.137   117.095   129.501         0         0   
    8.253     29.83   44.5176   12.6596     129.1     4.092   117.228   129.516         0         0   
    8.316     30.01    44.321   12.6104     129.2     4.198   117.362   129.606         0         0   
    8.378     30.46   44.1876   12.5626     129.2     4.378   117.492   129.779         0         0   
    8.441     30.74   44.1469   12.5146     129.3     4.586   117.622   129.944         0         0   
    8.503     30.67    43.904   12.4678     129.4      4.73   117.748   129.955         0         0   
    8.566      30.6    43.535   12.4209     129.3     4.858   117.875   129.925         0         0   
    8.628     30.64   43.4402   12.3752     129.2     4.982   117.998    130.01         0         0   
    8.691     30.74   43.2946   12.3294     128.9     5.176   118.121   130.092         0         0   
    8.753     30.99   43.2067   12.2847     128.9     5.194   118.241   130.227         0         0   
    8.816     31.33   43.1239   12.2398     128.3     5.104   118.361   130.385         0         0   
    8.878     31.65   42.8562   12.1962     128.5     4.761   118.477   130.476         0         0   
    8.941     31.84   42.6098   12.1523     128.4     4.699   118.594   130.543         0         0   
    9.003     31.79    42.543   12.1095     128.5     4.662   118.707   130.609         0         0   
    9.066     31.81   42.4205   12.0666       128     4.809   118.821   130.673         0         0   
    9.129     31.83    42.354    12.024     127.8     4.859   118.934   130.755         0         0   
    9.191     31.78    42.268   11.9827     127.5      4.51   119.043    130.81         0         0   
    9.254     31.77   42.0241    11.941       128     4.462   119.152   130.825         0         0   
    9.316     31.75   41.8973   11.9005     128.2     4.679   119.258   130.873         0         0   
    9.379     31.81   41.8227   11.8598     127.9     4.566   119.365   130.957         0         0   
    9.441     31.94   41.7254     11.82     127.7     4.504   119.469   131.048         0         0   
    9.504     32.15   41.6172   11.7802     127.8     5.378   119.573   131.157         0         0   
    9.566     32.51   41.4141   11.7413     127.7     4.901   119.674    131.27         0         0   
    9.629     32.88   41.1464   11.7022     127.5     4.363   119.776   131.367         0         0   
    9.691     33.05   41.0217    11.664     127.6      4.31   119.874   131.457         0         0   
    9.754     33.09   40.9258   11.6256     127.7       4.3   119.974   131.524         0         0   
    9.816     33.09   40.8321   11.5883     127.6     4.438    120.07    131.58         0         0   
    9.879     33.48   40.7294   11.5507     127.3     4.651   120.167   131.732         0         0   
    9.941     34.02   40.4871    11.514     127.4     4.704   120.261   131.878         0         0   
       10     34.27   40.2849   11.4794     127.3     4.688   120.349   131.958         0         0   
    10.07     34.41   40.1782   11.4389     127.3     4.423   120.453   132.053         0         0   
    10.13     34.35   40.0968   11.4045     127.2     4.441   120.541    132.09         0         0   
    10.19     34.23   40.0106   11.3703     127.4     4.289   120.627   132.109         0         0   
    10.25     34.33   39.8853   11.3365     127.7     4.188   120.713   132.173         0         0   
    10.32     34.69   39.6086   11.2974       128     3.976   120.812    132.27         0         0   
    10.38     35.08   39.4595   11.2642     128.1     3.966   120.896   132.402         0         0   
    10.44     35.34   39.3826   11.2314     128.3     3.959   120.979   132.522         0         0   
     10.5     35.34   39.3089   11.1988     128.2     3.995   121.061   132.572         0         0   
    10.57     35.48   39.2161   11.1611     128.6     3.833   121.156   132.665         0         0   
    10.63     35.76   39.0166   11.1292       129      3.64   121.236   132.752         0         0   
    10.69     35.93   38.8017   11.0975     129.8     3.548   121.315   132.804         0         0   
    10.75     36.03   38.6949   11.0661     130.1     3.622   121.393   132.869         0         0   
    10.82      36.1   38.6256   11.0297     130.3     3.611   121.484   132.948         0         0   
    10.88      36.3   38.5469   10.9988     130.4     3.543    121.56   133.047         0         0   
    10.94     36.55   38.4539   10.9682     130.4     4.284   121.636   133.155         0         0   
       11     36.66   38.2322   10.9379     130.5     4.247   121.711   133.188         0         0   
    11.07      36.7   38.0372   10.9028     130.8     3.351   121.798   133.219         0         0   
    11.13     36.74   37.9541    10.873     130.6      3.38   121.871   133.271         0         0   
    11.19     36.89   37.9062   10.8435     130.6     3.313   121.944   133.363         0         0   
    11.25     37.14   37.8334   10.8142     130.9     3.134   122.016   133.475         0         0   
    11.32     37.25   37.6788   10.7803     131.1     3.106   122.099   133.535         0         0   
    11.38     37.34   37.4674   10.7515     130.8      3.13   122.169   133.562         0         0   
    11.44     37.35   37.3331   10.7229     130.7      3.19   122.239   133.589         0         0   
     11.5     37.32   37.2583   10.6946     130.5      3.18   122.308   133.621         0         0   
    11.57     37.31   37.2033   10.6619     130.8     3.166   122.387   133.673         0         0   
    11.63     37.38   37.1281    10.634     130.9      3.89   122.455   133.731         0         0   
    11.69     37.53   36.9539   10.6063     131.3     3.023   122.521   133.784         0         0   
    11.75     37.66   36.7704   10.5789     131.5     2.965   122.587   133.828         0         0   
    11.82     37.71    36.648   10.5473     131.5     3.053   122.664   133.876         0         0   
    11.88     37.68   36.5837   10.5203     131.7     3.169   122.729   133.907         0         0   
    11.94     37.57   36.5527   10.4935       132      3.13   122.793   133.924         0         0   
       12     37.54   36.4581    10.467     131.8     3.131   122.856   133.946         0         0   
    12.07     37.45   36.2411   10.4363     132.2     3.164    122.93   133.927         0         0   
    12.13     37.36   36.0897   10.4102     133.1     3.324   122.992   133.916         0         0   
    12.19      37.4   36.0093   10.3842     133.1     3.218   123.053    133.96         0         0   
    12.25     37.48   35.9462   10.3585     133.3     3.178   123.114    134.02         0         0   
    12.32     37.44   35.9074   10.3288     132.9     3.189   123.185   134.061         0         0   
    12.38      37.5   35.7801   10.3034     132.5      3.04   123.245   134.097         0         0   
    12.44     37.64   35.5998   10.2783     132.9     3.948   123.304    134.14         0         0   
     12.5     37.71   35.4721   10.2534     133.3     3.372   123.363   134.178         0         0   
    12.57     37.73   35.3899   10.2245     133.4      3.39   123.431   134.222         0         0   
    12.63     37.71   35.3763   10.1999     133.1     3.353   123.488   134.264         0         0   
    12.69     37.62   35.3019   10.1756     133.2     3.488   123.545    134.27         0         0   
    12.75     37.55   35.1477   10.1514     133.1     3.537   123.602    134.26         0         0   
    12.82      37.4   34.9643   10.1233     133.9     3.615   123.667   134.229         0         0   
    12.88     37.36   34.8709   10.0996     133.3     6.303   123.723   134.242         0         0   
    12.94     37.46   34.8083   10.0759     133.4     3.781   123.777   134.303         0         0   
    13.01     37.46   34.7902   10.0485     133.9     3.714   123.841   134.355         0         0   
    13.07     37.29   34.6927   10.0252     134.2     4.379   123.895    134.33         0         0   
    13.13     37.17    34.524   10.0021     134.9      4.65   123.948   134.301         0         0   
    13.19     37.17   34.3865   9.97909       135     4.179   124.001   134.313         0         0   
    13.26     37.11   34.2986   9.95255     134.1      4.45   124.062   134.328         0         0   
    13.32     37.05    34.244   9.92988     134.3      4.59   124.114   134.344         0         0   
    13.38     36.95   34.2353   9.90738     134.3     4.576   124.166    134.36         0         0   
    13.44     36.89   34.1185   9.88505     135.4     4.159   124.217    134.36         0         0   
    13.51     36.99   33.9392   9.85918     136.5     4.006   124.276   134.394         0         0   
    13.57      37.1     33.83   9.83719     136.8     4.374   124.326   134.442         0         0   
    13.63     37.15   33.7648   9.81537     137.4     3.889   124.376   134.484         0         0   
    13.69     37.29   33.7109   9.79363     137.8     4.052   124.425   134.553         0         0   
    13.76     37.51    33.684   9.76852     138.5     4.291   124.482   134.658         0         0   
    13.82     37.59    33.536   9.74712     139.4     4.718    124.53   134.687         0         0   
    13.88      37.5   33.4041   9.72588     139.1     4.675   124.578   134.672         0         0   
    13.94     37.51   33.3135   9.70473     139.9     5.065   124.626   134.694         0         0   
    14.01     37.61   33.2458    9.6803     141.2     4.729   124.681   134.755         0         0   
    14.07      37.5    33.254   9.65948     142.4     4.556   124.728   134.768         0         0   
    14.13     37.29   33.1651   9.63876     142.9       4.8   124.774   134.729         0         0   
    14.19     37.26   33.0168    9.6182     143.9     4.446    124.82   134.726         0         0   
    14.26      37.3   32.8771   9.59444     141.4     4.846   124.873    134.75         0         0   
    14.32     37.27   32.8092   9.57413     142.1     4.415   124.918   134.766         0         0   
    14.38     37.16    32.758   9.55399     141.6      4.61   124.963   134.763         0         0   
    14.44     37.11   32.7667   9.53402     141.1     6.545   125.008   134.791         0         0   
    14.51     37.15   32.6344   9.51076     139.8     4.895   125.059   134.816         0         0   
    14.57      37.2   32.5024   9.49105     140.8     4.557   125.103   134.837         0         0   
    14.63     37.18   32.3994   9.47141     140.3      4.94   125.146   134.846         0         0   
    14.69     37.16    32.338   9.45195     139.7     4.891   125.189   134.864         0         0   
    14.76     37.13   32.2835   9.42937     140.2     4.893   125.239   134.887         0         0   
    14.82     36.98   32.2788   9.41007     139.7     4.545   125.281   134.883         0         0   
    14.88     36.88   32.1474   9.39094     139.5     4.288   125.323   134.862         0         0   
    14.94     36.88   32.0305   9.37199     138.5     4.278   125.365   134.871         0         0   
    15.01     37.01   31.9335   9.34999     137.3     4.754   125.413   134.927         0         0   
    15.07      37.2   31.8802    9.3312     138.3     4.406   125.454   135.003         0         0   
    15.13     37.35   31.8346   9.31258       141     3.761   125.494    135.07         0         0   
    15.19     37.39   31.8203   9.29404     141.6     3.656   125.535   135.114         0         0   
    15.26     37.35   31.6702   9.27256     140.7     3.531   125.581    135.11         0         0   
    15.32     37.32   31.5624   9.25427     139.5     3.432   125.621   135.112         0         0   
    15.38      37.3   31.4981   9.23607     140.6     3.371    125.66   135.127         0         0   
    15.44     37.26   31.4493   9.21795     139.5     3.475   125.699   135.139         0         0   
    15.51     37.24   31.4587   9.19706     138.7     3.367   125.744   135.177         0         0   
    15.57     37.18   31.3508   9.17919     139.5     3.159   125.783   135.169         0         0   
    15.63     37.06   31.2337   9.16142     141.1      3.13   125.821   135.144         0         0   
    15.69     36.92   31.1364    9.1438       140     3.084   125.859   135.117         0         0   
    15.76     36.73   31.0719   9.12333     140.1     3.011   125.902    135.09         0         0   
    15.82     36.58   31.0295   9.10597     140.9     2.845    125.94   135.073         0         0   
    15.88     36.45   31.0375   9.08861     140.9     2.843   125.977   135.073         0         0   
    15.94     36.39   30.9198   9.07142     140.5     3.088   126.013   135.063         0         0   
    16.01     36.26   30.7987   9.05145     139.6     2.813   126.056   135.038         0         0   
    16.07     36.16   30.7229   9.03443     138.2     3.083   126.092   135.027         0         0   
    16.13     36.14   30.6731    9.0175     136.5     4.838   126.128   135.043         0         0   
    16.19     36.24   30.6335   9.00064     135.9     4.495   126.163   135.092         0         0   
    16.26     36.27   30.6121   8.98118     135.3     4.074   126.205   135.133         0         0   
    16.32     36.23   30.4965   8.96458     136.1     5.706    126.24   135.128         0         0   
    16.38     36.15   30.3989   8.94798     136.3     4.518   126.274   135.116         0         0   
    16.44     36.02   30.3363   8.93155     135.7     4.072   126.309   135.098         0         0   
    16.51     35.79   30.2848   8.91251     135.5     3.552   126.349   135.061         0         0   
    16.57      35.6   30.2463   8.89633     135.5     3.318   126.383   135.033         0         0   
    16.63     35.44   30.2132   8.88015     135.1      3.64   126.417   135.014         0         0   
    16.69     35.34   30.1083   8.86406     134.9     2.521    126.45   134.995         0         0   
    16.76      35.2   30.0068   8.84543     134.3      2.02   126.489   134.971         0         0   
    16.82     35.05   29.9581   8.82959     134.4     1.982   126.522   134.951         0         0   
    16.88     34.93   29.9177   8.81375     135.4     1.907   126.555   134.941         0         0   
    16.94     34.87   29.9357   8.79808     134.5     1.987   126.588   134.959         0         0   
    17.01     34.91   29.8115   8.77988     133.7      2.03   126.625   134.976         0         0   
    17.07        35   29.7211   8.76437     133.2     2.648   126.658   135.008         0         0   
    17.13     35.08   29.6486   8.74887     133.2     2.348   126.689   135.042         0         0   
    17.19     35.09   29.6021   8.73354       134     2.946   126.721   135.063         0         0   
    17.26        35   29.5601   8.71576     134.3     4.443   126.758   135.064         0         0   
    17.32     34.97   29.5551    8.7005     135.5     5.942   126.789   135.083         0         0   
    17.38     34.93   29.4516   8.68542     135.3     5.264    126.82   135.079         0         0   
    17.44     34.89   29.3651   8.67042     134.2     4.969   126.851   135.077         0         0   
    17.51     34.82    29.297   8.65298     134.6     4.842   126.886   135.077         0         0   
    17.57     34.74   29.2558   8.63815     135.9     3.963   126.917   135.075         0         0   
    17.63     34.62   29.2229   8.62332     137.3     4.521   126.947   135.064         0         0   
    17.69     34.59   29.2019   8.60866     137.5     5.241   126.977   135.079         0         0   
    17.76     34.54   29.0947   8.59155     138.6     5.564   127.012   135.075         0         0   
    17.82     34.53   29.0149   8.57698     137.1     5.836   127.041   135.082         0         0   
    17.88     34.48   28.9698   8.56257     136.9     5.429    127.07   135.086         0         0   
    17.94     34.49   28.9335   8.54816     137.2      5.07     127.1   135.108         0         0   
    18.01     34.48   28.8959   8.53148     138.5     4.721   127.133   135.128         0         0   
