!# Results of ROTMAS saved at 13-Oct-2007 (13:35:42)
!# User velocity         : Vu=V200*SQRT(((LN(1+C*R*0.75/V200))-(C*R*0.75/V200)/(1+C*R*0.75/V200))/((0.75*R/V200)*(LN(1+C)-(C/(1+C)))))
!# Total velocity        : Vt=SQRT(MG*VG*ABS(VG)+MD*VD*ABS(VD)+MB*VB*ABS(VB)+VU**2)
!# Chi-square            : 33.6171
!# Red. Chi-square (N=94,n=3) : 0.369419
!# Parameter name  :            C        V200          MB          MD          MG
!# Parameter value :    11.192100   103.971001     0.000000     0.692882     1.000000 
!# Parameter error :     0.431670     0.694658     0.000000     0.034622     0.000000 
!#
!# Radius |  vgas   |  vdisk  |  vbulge |  vobs   | err vobs|   Vu    |   Vt    |   Rxv   |   Vxy   |
!# kpc       km/s      km/s       km/s     km/s     km/s       km/s      km/s       kpc       km/s   
!#===================================================================================================
   0.4019      1.03   5.32656        -0     23.77     5.576   34.4723   34.8966         0         0   
   0.8039    -1.568   11.6992        -0      42.3     6.204   47.7547   49.1418         0         0   
    1.206     -3.98   21.1266        -0     56.24     6.558   57.3241   60.9635         0         0   
    1.608    -5.708   28.9667        -0     67.49     6.965   64.9071   70.8478         0         0   
     2.01    -7.393    30.482        -0     76.42     7.424   71.1957   77.0929         0         0   
    2.412    -9.243   36.3315        -0     84.69      5.94   76.5527    84.231         0         0   
    2.814    -10.85   42.0666        -0     91.77     5.494   81.1988   90.8026         0         0   
    3.216     -11.5   48.6245        -0     99.19     4.859   85.2805   97.4929         0         0   
    3.617    -10.98   55.2629        -0     106.3     4.307   88.8932   104.093         0         0   
    4.019    -10.05   61.2066        -0     113.5     4.031   92.1315   110.152         0         0   
    4.421    -9.169    67.015        -0     121.5     4.653   95.0447   115.933         0         0   
    4.823    -7.911   74.1884        -0     128.6     5.635   97.6788   122.403         0         0   
    5.225    -5.975   83.6474        -0     133.9     6.663   100.071    130.29         0         0   
    5.627    -1.655   90.5879        -0     138.2     7.271   102.251   136.597         0         0   
    6.029     5.834   94.1656        -0     140.4     7.032   104.245     140.6         0         0   
    6.431     8.627   96.4322        -0     142.4     5.534   106.073   143.614         0         0   
    6.833     10.96   98.4982        -0     142.8     3.916   107.753   146.399         0         0   
    7.235      13.1   99.0059        -0     142.9     4.516   109.301   148.056         0         0   
    7.637     15.21   98.6622        -0     143.2     6.099   110.729   149.086         0         0   
    8.039     17.31   98.1627        -0     144.5      6.82   112.049   149.969         0         0   
    8.441        19    97.794        -0       146     6.666   113.271   150.848         0         0   
    8.843     20.81    96.587        -0     147.1     6.148   114.404   151.163         0         0   
    9.245     22.47   95.7013        -0     148.4     5.116   115.455   151.636         0         0   
    9.647     23.63   94.8756        -0     149.9     3.861   116.431   152.039         0         0   
    10.05     24.99   94.5276        -0     151.1     3.192    117.34   152.738         0         0   
    10.45     26.36   93.8293        -0       152     3.271   118.181   153.184         0         0   
    10.85     27.22   93.3823        -0     152.6     3.623   118.963   153.667         0         0   
    11.25     27.75   92.4775        -0     153.4     3.846   119.692    153.78         0         0   
    11.66     28.72   91.4186        -0     154.5     3.963   120.389   153.869         0         0   
    12.06     30.19   90.4098        -0     155.7     3.685   121.021   154.051         0         0   
    12.46      32.1   89.2411        -0     156.9     3.314   121.612    154.22         0         0   
    12.86     34.06   88.1132        -0     157.8      3.22   122.163   154.427         0         0   
    13.26     35.71   86.8446        -0     158.5     3.254   122.677   154.489         0         0   
    13.67     36.67   85.5012        -0     158.7     3.245   123.168   154.355         0         0   
    14.07      37.2   84.4398        -0       158     3.218   123.615   154.255         0         0   
    14.47     37.54   83.3819        -0     156.6     3.391   124.031   154.096         0         0   
    14.87      37.8   82.2641        -0     155.2     3.873    124.42   153.872         0         0   
    15.27     38.02   81.2118        -0       153     4.865   124.782    153.66         0         0   
    15.68     38.09   80.0939        -0     151.1     5.308   125.128   153.372         0         0   
    16.08     37.81   79.0682        -0       150     5.178   125.442   153.026         0         0   
    16.48     37.35   78.0196        -0     150.1     5.031   125.734   152.614         0         0   
    16.88     37.22   77.0195        -0     150.2     4.808   126.005   152.298         0         0   
    17.28     37.58   76.0166        -0     150.3     4.512   126.257   152.091         0         0   
    17.69     38.05   74.9745        -0     150.3     4.325   126.497   151.889         0         0   
    18.09     38.55   74.0795        -0     150.5     4.283   126.713   151.756         0         0   
    18.49     39.15   73.1052        -0     150.7     4.187   126.913   151.605         0         0   
    18.89     39.77    72.243        -0     151.3     4.309   127.098   151.507         0         0   
    19.29      40.6   71.3213        -0       152     4.302   127.268   151.434         0         0   
     19.7     41.76   70.4658        -0     152.8     4.196   127.428   151.484         0         0   
     20.1     42.84   69.6081        -0       153     4.191   127.572   151.509         0         0   
     20.5      43.7    68.809        -0     153.1     4.314   127.703     151.5         0         0   
     20.9     44.38   68.0024        -0     152.9     4.145   127.822   151.434         0         0   
     21.3     44.82   67.2395        -0     151.6     3.687   127.931   151.315         0         0   
     21.7     44.82   66.4835        -0     150.9      3.23   128.029   151.064         0         0   
    22.11     44.58   65.7408        -0     150.7     3.021   128.119   150.744         0         0   
    22.51     44.29    65.036        -0     150.3     3.301   128.197   150.419         0         0   
    22.91     43.94   64.3466        -0     149.8     3.622   128.267   150.079         0         0   
    23.31      43.5   63.6838        -0     149.5     3.622   128.328   149.719         0         0   
    23.71     43.37   63.0295        -0     149.7     3.438   128.381    149.45         0         0   
    24.12     43.75   62.3766        -0       150     3.325   128.427   149.327         0         0   
    24.52     44.61   61.7384        -0     150.1     3.189   128.465   149.348         0         0   
    24.92     45.96   61.1545        -0     149.9     3.226   128.496   149.544         0         0   
    25.32     47.34   60.5553        -0     149.5     3.286    128.52   149.751         0         0   
    25.72     48.33   59.9962        -0     149.1     3.473   128.538   149.858         0         0   
    26.13     49.19   59.4225        -0     148.6     3.666    128.55    149.92         0         0   
    26.53     49.93   58.8874        -0     148.2     3.855   128.557   149.958         0         0   
    26.93     50.46   58.3656        -0     148.3     3.964   128.557   149.933         0         0   
    27.33     50.86   57.8519        -0     148.2     3.947   128.553   149.865         0         0   
    27.73     51.14   57.3613        -0     147.9     4.233   128.544   149.763         0         0   
    28.14      51.3   56.8603        -0     146.8      4.21   128.529   149.615         0         0   
    28.54     51.41   56.3949        -0     146.5     4.496    128.51    149.46         0         0   
    28.94     51.44   55.9316        -0     146.1     4.574   128.487   149.276         0         0   
    29.34     51.32   55.4842        -0     145.5     4.833    128.46   149.045         0         0   
    29.74     50.99   55.0496        -0     145.4     4.866   128.429   148.743         0         0   
    30.15      50.8   54.6095        -0     145.2     4.686   128.394   148.485         0         0   
    30.55     50.75   54.1875        -0     145.2     4.502   128.355    148.28         0         0   
    30.95     50.69   53.7881        -0     145.2     4.604   128.314   148.078         0         0   
    31.35     50.54   53.3928        -0     145.1     4.507   128.269   147.844         0         0   
    31.75     50.48   53.0055        -0     145.8     4.427   128.221   147.643         0         0   
    32.16     50.59   52.6241        -0     146.6     4.296   128.168   147.498         0         0   
    32.56     50.71     52.25        -0     146.8     4.231   128.114    147.36         0         0   
    32.96     50.72   51.8992        -0       147      4.52   128.058    147.19         0         0   
    33.36     50.63   51.5393        -0     146.8     4.675   127.999   146.981         0         0   
    33.76     50.63   51.2006        -0     147.1     4.806   127.937   146.808         0         0   
    34.17     50.83   50.8512        -0       148     5.279   127.871   146.699         0         0   
    34.57     51.15   50.5228        -0     148.7     5.226   127.805   146.639         0         0   
    34.97     51.54   50.2002        -0       149     4.756   127.736   146.605         0         0   
    35.37     51.99   49.8829        -0     149.1     4.419   127.666   146.594         0         0   
    35.77     52.37    49.577        -0     147.9     4.317   127.593   146.562         0         0   
    36.17     52.53   49.2691        -0     147.5     4.079   127.519   146.451         0         0   
    36.58     52.71    48.967        -0     147.5      3.62   127.441   146.346         0         0   
    36.98     52.85   48.6726        -0     147.7     3.634   127.363   146.231         0         0   
    37.38     53.02   48.3945        -0     148.9     3.511   127.283   146.131         0         0   
    37.78     53.12   48.1093        -0     149.7     3.424   127.202   146.002         0         0   
