!# Results of ROTMAS saved at 12-Oct-2007 (14:07:45)
!# User velocity         : Vu=V200*SQRT(((LN(1+C*R*0.75/V200))-(C*R*0.75/V200)/(1+C*R*0.75/V200))/((0.75*R/V200)*(LN(1+C)-(C/(1+C)))))
!# Total velocity        : Vt=SQRT(MG*VG*ABS(VG)+MD*VD*ABS(VD)+VU**2)
!# Chi-square            : 98.3026
!# Red. Chi-square (N=123,n=2) : 0.812418
!# Parameter name  :            C        V200          MD          MG
!# Parameter value :     3.722300   165.500000     1.000000     1.000000 
!# Parameter error :     0.201813     5.856816     0.000000     0.000000 
!#
!# Radius |  vgas   |  vdisk  |  vbulge |  vobs   | err vobs|   Vu    |   Vt    |   Rxv   |   Vxy   |
!# kpc       km/s      km/s       km/s     km/s     km/s       km/s      km/s       kpc       km/s   
!#===================================================================================================
   0.2095   -0.9921   19.5673         0      17.2     5.698   15.3191   24.8308         0         0   
    0.419    -2.426   35.8983         0     37.45     6.548   21.6138   41.8325         0         0   
   0.6285    -3.697   49.1506         0     57.01      5.03   26.4095   55.6739         0         0   
   0.8381    -4.277   59.4542         0     70.58     4.519   30.4259   66.6502         0         0   
    1.048    -5.684   67.2879         0     77.05     2.833   33.9443   75.1503         0         0   
    1.257    -7.711   74.5741         0     79.73     2.831   37.0895   82.9305         0         0   
    1.467    -8.554   81.2424         0     84.06     2.885   39.9755   90.1399         0         0   
    1.676    -7.516   87.3858         0     90.57     3.713   42.6303   96.9388         0         0   
    1.886      -6.2   93.4786         0     98.39     4.628   45.1185   103.612         0         0   
    2.095    -4.597   99.3684         0     104.7      5.61   47.4444   110.018         0         0   
    2.305    -1.374   103.634         0     109.2     5.778    49.652   114.906         0         0   
    2.514     5.588   107.055         0       113     4.854   51.7368   119.032         0         0   
    2.724     6.947   109.979         0     115.6     4.194   53.7323     122.6         0         0   
    2.933     9.284   112.318         0     118.8      3.58   55.6301   125.683         0         0   
    3.143     10.98   114.269         0     122.4     3.084   57.4574   128.372         0         0   
    3.352      13.2   115.676         0     125.1     3.405   59.2044   130.615         0         0   
    3.562     15.04   116.625         0     125.9       4.2   60.8941   132.422         0         0   
    3.771     15.66    116.95         0     125.8     3.966   62.5159   133.532         0         0   
    3.981     16.17   116.918         0     126.5     2.969     64.09   134.309         0         0   
     4.19      16.9   116.408         0     127.4     2.821   65.6056   134.687         0         0   
      4.4     17.53   115.637         0     129.2     2.837   67.0808    134.83         0         0   
    4.609     18.49   114.454         0     130.9     2.842   68.5048   134.664         0         0   
    4.819     19.86   113.133         0     132.4     3.002    69.894   134.457         0         0   
    5.028     21.56   111.883         0     133.7     3.244   71.2378   134.378         0         0   
    5.238     22.64   110.366         0     134.6     3.211   72.5513   134.003         0         0   
    5.447     23.37   109.117         0     135.5     2.677    73.824   133.801         0         0   
    5.657     24.15   107.655         0     136.6     2.759   75.0702   133.448         0         0   
    5.866     25.46   106.413         0     136.9     3.343   76.2795   133.381         0         0   
    6.076     26.93   105.467         0     136.8     3.336   77.4652   133.602         0         0   
    6.285     28.69   104.635         0     135.9     3.297   78.6173   133.986         0         0   
    6.495     29.61   103.925         0     135.1     3.707   79.7483   134.302         0         0   
    6.704     30.49   103.125         0     134.7     4.276   80.8485    134.54         0         0   
    6.914     31.44   102.539         0       135      5.43   81.9297   134.964         0         0   
    7.123     32.16   101.838         0     136.6     5.807   82.9826   135.246         0         0   
    7.333     32.74   101.051         0     138.5     5.631   84.0182   135.434         0         0   
    7.543     33.23   100.219         0     139.9     5.388   85.0324   135.568         0         0   
    7.752      33.3   99.5631         0     139.6     5.633   86.0213   135.725         0         0   
    7.962     33.01   98.9225         0     139.3     5.377   86.9952   135.807         0         0   
    8.171     32.28    98.407         0     139.3     5.065   87.9455   135.869         0         0   
    8.381     31.45   98.0565         0     138.9     4.588    88.882    136.03         0         0   
     8.59     30.87   97.6588         0     138.5      4.81   89.7966   136.212         0         0   
      8.8     30.37    96.956         0     138.8     4.657   90.6985   136.195         0         0   
    9.009     30.12   96.1648         0     138.9     4.265   91.5797   136.168         0         0   
    9.219     29.69   95.5375         0     139.3      4.62   92.4492    136.22         0         0   
    9.428     29.37   95.0647         0     140.5       4.2   93.2992   136.399         0         0   
    9.638     29.37   94.2795         0     141.4     3.974   94.1385    136.43         0         0   
    9.847     29.21   93.5679         0       142     3.853   94.9594   136.475         0         0   
    10.06     29.01   92.8546         0     142.3     3.781   95.7817    136.52         0         0   
    10.27     29.26   92.0719         0     142.4     3.725   96.5788   136.605         0         0   
    10.48     29.63   91.2911         0     141.9     3.537   97.3627   136.717         0         0   
    10.69     29.79   90.5748         0     140.9     3.621   98.1338   136.826         0         0   
    10.89     29.66   89.9426         0     140.6      3.49   98.8566   136.901         0         0   
     11.1     29.67   89.3237         0     140.4     3.411   99.6038    137.04         0         0   
    11.31     30.06   88.5382         0     140.3      3.41   100.339   137.152         0         0   
    11.52      30.5   87.8167         0     140.5     3.498   101.063   137.316         0         0   
    11.73     30.81    87.023         0     140.4     3.501   101.776   137.407         0         0   
    11.94     31.54   86.4277         0     139.9     3.484   102.478   137.718         0         0   
    12.15     32.79   85.7604         0     139.7      3.61   103.169   138.108         0         0   
    12.36     33.79   85.1674         0     139.5     3.656    103.85   138.492         0         0   
    12.57     34.91   84.4882         0     139.7     3.657   104.522   138.859         0         0   
    12.78     36.85   83.8716         0     139.6     3.631   105.183   139.484         0         0   
    12.99     38.45   83.2344         0     139.6       3.7   105.835   140.026         0         0   
     13.2     39.21   82.5649         0     139.4     3.843   106.477   140.327         0         0   
    13.41     39.55   81.9966         0     139.4     3.799    107.11   140.571         0         0   
    13.62     39.47    81.366         0     139.5     3.896   107.735    140.66         0         0   
    13.83      39.3   80.7581         0     139.6      4.59   108.351   140.735         0         0   
    14.04     39.22   80.1845         0     139.6     5.185   108.958   140.853         0         0   
    14.25     39.28   79.5475         0     139.7     5.734   109.557   140.973         0         0   
    14.46     39.51   79.0329         0     139.6     5.857   110.148   141.208         0         0   
    14.67     40.04   78.4169         0     139.3     6.046   110.731    141.47         0         0   
    14.88     41.16    77.876         0     139.7      5.87   111.306   141.943         0         0   
    15.09     42.37   77.3401         0     139.9     5.598   111.873   142.451         0         0   
    15.29     43.23   76.7743         0     139.8     5.794   112.407   142.823         0         0   
     15.5     44.11   76.2899         0     139.7     6.102    112.96   143.269         0         0   
    15.71     45.19   75.6998         0     139.8     6.116   113.506   143.723         0         0   
    15.92     45.93   75.2129         0       140     6.199   114.046   144.128         0         0   
    16.13     46.62   74.7044         0     140.2     6.507   114.578   144.507         0         0   
    16.34     47.23   74.1644         0     140.6     6.624   115.103   144.844         0         0   
    16.55     47.76   73.7072         0     141.2     6.268   115.622   145.197         0         0   
    16.76     48.04   73.1606         0     141.3     6.081   116.135   145.422         0         0   
    16.97      48.7   72.7188         0     141.7     6.252   116.641   145.825         0         0   
    17.18     49.82   72.2371         0     142.4     6.328   117.141   146.363         0         0   
    17.39     50.67    71.758         0     143.2     6.183   117.635   146.815         0         0   
     17.6     51.38   71.3089         0     144.2     6.207   118.122   147.234         0         0   
    17.81     51.94   70.8237         0     145.2     6.192   118.604   147.583         0         0   
    18.02     52.52   70.4162         0       146     6.007   119.081   147.976         0         0   
    18.23     53.29   69.9544         0     146.6     5.847   119.551   148.411         0         0   
    18.44     54.09   69.5285         0     147.7     5.953   120.016   148.875         0         0   
    18.65     54.69   69.1059         0     148.9     5.721   120.476   149.268         0         0   
    18.86     55.11   68.6652         0     149.8     5.415    120.93   149.587         0         0   
    19.07     55.53   68.2858         0       151     5.543   121.379   149.931         0         0   
    19.28     55.78   67.8486         0     152.6      5.37   121.823   150.185         0         0   
    19.48     55.92   67.4865         0     153.6     7.742   122.241   150.414         0         0   
    19.69     55.95   67.0934         0     154.1     4.742   122.675   150.602         0         0   
     19.9     56.27   66.6947         0     154.1     4.367   123.104   150.894         0         0   
    20.11     56.55   66.3333         0     153.5     4.278   123.528   151.186         0         0   
    20.32     56.46   65.9264         0     153.6     4.034   123.947   151.317         0         0   
    20.53     56.18   65.5841         0       153     3.614   124.362   151.405         0         0   
    20.74     55.89   65.2163         0     152.2       3.1   124.772   151.476         0         0   
    20.95     55.45   64.8542         0     150.2     8.876   125.178   151.494         0         0   
    21.16     55.17   64.5066         0     150.6     3.036   125.579   151.575         0         0   
    21.37     54.83   64.1301         0     150.3     3.141   125.976   151.621         0         0   
    21.58     54.55    63.827         0     150.4     3.088   126.368   151.719         0         0   
    21.79     54.35   63.4796         0     150.8     3.119   126.757   151.825         0         0   
       22     54.19   63.1501         0     150.7     3.418   127.141   151.952         0         0   
    22.21      54.1   62.8238         0     150.7     6.765   127.521   152.103         0         0   
    22.42     53.85    62.496         0       152     3.312   127.897   152.194         0         0   
    22.63     53.52   62.1983         0     151.9     3.303   128.269   152.269         0         0   
    22.84     53.13   61.8689         0     150.4     3.202   128.637   152.309         0         0   
    23.05     52.67   61.5731         0     149.5      3.04   129.001   152.337         0         0   
    23.26     52.36   61.2671         0     150.2      3.03   129.361   152.412         0         0   
    23.47     52.18   60.9668         0     150.3     2.974   129.718   152.533         0         0   
    23.68     51.94   60.6817         0     150.4     2.679   130.071   152.638         0         0   
    23.88     51.64   60.3915         0     150.1     7.398   130.403   152.705         0         0   
    24.09     51.22   60.1234         0     151.4     2.243   130.749   152.754         0         0   
     24.3     50.82   59.8365         0     152.9     2.171   131.091   152.801         0         0   
    24.51     50.63   59.5588         0     153.7     2.488    131.43    152.92         0         0   
    24.72     50.37   59.2886         0     153.5     2.816   131.766   153.018         0         0   
    24.93     49.99   59.0054         0     153.5     3.287   132.097    153.07         0         0   
    25.14     49.68   58.7636         0     154.3     3.577   132.426    153.16         0         0   
    25.35     49.71   58.4945         0     156.2     6.314   132.751   153.348         0         0   
    25.56     49.58   58.2409         0       157     5.655   133.073   153.489         0         0   
    25.77     49.46    57.984         0     159.2     3.297   133.392   153.629         0         0   
