!# Results of ROTMAS saved at 12-May-2008 (13:32:33)
!# User velocity         : Vu=V200*SQRT(((LN(1+C*R*0.75/V200))-(C*R*0.75/V200)/(1+C*R*0.75/V200))/((0.75*R/V200)*(LN(1+C)-(C/(1+C)))))
!# Total velocity        : Vt=SQRT(MG*VG*ABS(VG)+MD*VD*ABS(VD)+MB*VB*ABS(VB)+VU**2)
!# Chi-square            : 189.471
!# Red. Chi-square (N=94,n=2) : 2.059470
!# Parameter name  :            C        V200          MB          MD          MG
!# Parameter value :     8.524180   110.410004     0.710000     0.710000     1.000000 
!# Parameter error :     0.470757     2.181021     0.000000     0.000000     0.000000 
!#
!# Radius |  vgas   |  vdisk  |  vbulge |  vobs   | err vobs|   Vu    |   Vt    |   Rxv   |   Vxy   |
!# kpc       km/s      km/s       km/s     km/s     km/s       km/s      km/s       kpc       km/s   
!#===================================================================================================
   0.4019      1.03   6.39907      47.8     23.77     5.576   29.3753   56.3727         0         0   
   0.8039    -1.568   14.0548   72.2096      42.3     6.204   40.9254   83.8266         0         0   
    1.206     -3.98   25.3805   76.1132     56.24     6.558   49.3929   93.1364         0         0   
    1.608    -5.708   34.7992    74.743     67.49     6.965   56.2162   97.8468         0         0   
     2.01    -7.393   36.6196   70.8917     76.42     7.424   61.9677   98.8083         0         0   
    2.412    -9.243   43.6469   66.0445     84.69      5.94   66.9454   100.552         0         0   
    2.814    -10.85   50.5368   61.2762     91.77     5.494   71.3298   102.656         0         0   
    3.216     -11.5   58.4152   57.0886     99.19     4.859   75.2405   105.881         0         0   
    3.617    -10.98   66.3902   53.3572     106.3     4.307   78.7537   109.809         0         0   
    4.019    -10.05   73.5307   50.1119     113.5     4.031    81.949   113.862         0         0   
    4.421    -9.169   80.5086   47.4117     121.5     4.653   84.8652   118.186         0         0   
    4.823    -7.911   89.1264   44.9934     128.6     5.635   87.5398   123.551         0         0   
    5.225    -5.975    100.49   43.0029     133.9     6.663    90.003   130.705         0         0   
    5.627    -1.655   108.828   41.1922     138.2     7.271   92.2798    136.45         0         0   
    6.029     5.834   113.126   39.6575     140.4     7.032   94.3906   140.009         0         0   
    6.431     8.627   115.849   38.2905     142.4     5.534   96.3527   142.665         0         0   
    6.833     10.96   118.331   37.0223     142.8     3.916   98.1811   145.162         0         0   
    7.235      13.1   118.941   35.9239     142.9     4.516   99.8884   146.575         0         0   
    7.637     15.21   118.528   34.8757     143.2     6.099   101.486   147.383         0         0   
    8.039     17.31   117.928   33.9697     144.5      6.82   102.982   148.098         0         0   
    8.441        19   117.485   33.0811       146     6.666   104.387   148.835         0         0   
    8.843     20.81   116.035   32.3055     147.1     6.148   105.707   149.031         0         0   
    9.245     22.47   114.971   31.5481     148.4     5.116   106.949    149.41         0         0   
    9.647     23.63   113.979    30.873     149.9     3.861   108.119    149.75         0         0   
    10.05     24.99   113.561   30.2163     151.1     3.192   109.225   150.413         0         0   
    10.45     26.36   112.722   29.6224       152     3.271   110.262   150.836         0         0   
    10.85     27.22   112.185   29.0516     152.6     3.623   111.241   151.312         0         0   
    11.25     27.75   111.098   28.5186     153.4     3.846   112.168   151.421         0         0   
    11.66     28.72   109.826   28.0038     154.5     3.963   113.066   151.515         0         0   
    12.06     30.19   108.614   27.5204     155.7     3.685   113.895   151.713         0         0   
    12.46      32.1    107.21   27.0749     156.9     3.314   114.681   151.907         0         0   
    12.86     34.06   105.855   26.6333     157.8      3.22   115.426   152.146         0         0   
    13.26     35.71   104.331   26.2302     158.5     3.254   116.133   152.244         0         0   
    13.67     36.67   102.717   25.8186     158.7     3.245    116.82   152.149         0         0   
    14.07      37.2   101.442   25.4489       158     3.218   117.456   152.098         0         0   
    14.47     37.54   100.171   25.0846     156.6     3.391   118.061    151.99         0         0   
    14.87      37.8   98.8282   24.7433     155.2     3.873   118.635   151.822         0         0   
    15.27     38.02    97.564    24.411       153     4.865   119.181    151.67         0         0   
    15.68     38.09    96.221   24.0861     151.1     5.308   119.712   151.445         0         0   
    16.08     37.81   94.9888   23.7824       150     5.178   120.205   151.164         0         0   
    16.48     37.35    93.729    23.487     150.1     5.031   120.674   150.819         0         0   
    16.88     37.22   92.5276   23.2076     150.2     4.808    121.12   150.574         0         0   
    17.28     37.58   91.3227   22.9308     150.3     4.512   121.544    150.44         0         0   
    17.69     38.05   90.0708    22.667     150.3     4.325   121.957   150.317         0         0   
    18.09     38.55   88.9956   22.4067     150.5     4.283   122.341   150.263         0         0   
    18.49     39.15   87.8251   22.1689     150.7     4.187   122.706   150.191         0         0   
    18.89     39.77   86.7893   21.9233     151.3     4.309   123.053   150.175         0         0   
    19.29      40.6    85.682   21.6946       152     4.302   123.384   150.183         0         0   
     19.7     41.76   84.6542   21.4651     152.8     4.196   123.706   150.319         0         0   
     20.1     42.84   83.6239    21.249       153     4.191   124.005   150.429         0         0   
     20.5      43.7   82.6638   21.0398     153.1     4.314   124.289   150.505         0         0   
     20.9     44.38   81.6949   20.8352     152.9     4.145   124.559   150.523         0         0   
     21.3     44.82   80.7783   20.6392     151.6     3.687   124.816   150.488         0         0   
     21.7     44.82   79.8701   20.4448     150.9      3.23   125.061    150.32         0         0   
    22.11     44.58   78.9779   20.2565     150.7     3.021   125.298   150.087         0         0   
    22.51     44.29   78.1312   20.0714     150.3     3.301   125.519   149.845         0         0   
    22.91     43.94   77.3029   19.8988     149.8     3.622   125.728   149.589         0         0   
    23.31      43.5   76.5067   19.7222     149.5     3.622   125.926   149.313         0         0   
    23.71     43.37   75.7206   19.5595     149.7     3.438   126.114   149.128         0         0   
    24.12     43.75   74.9363   19.3869       150     3.325   126.297    149.09         0         0   
    24.52     44.61   74.1696   19.2337     150.1     3.189   126.466   149.196         0         0   
    24.92     45.96   73.4681   19.0722     149.9     3.226   126.626   149.474         0         0   
    25.32     47.34   72.7482   18.9197     149.5     3.286   126.778   149.764         0         0   
    25.72     48.33   72.0766   18.7724     149.1     3.473   126.921   149.952         0         0   
    26.13     49.19   71.3873   18.6225     148.6     3.666   127.059   150.096         0         0   
    26.53     49.93   70.7445   18.4831     148.2     3.855   127.187   150.215         0         0   
    26.93     50.46   70.1177   18.3428     148.3     3.964   127.307   150.268         0         0   
    27.33     50.86   69.5005   18.2103     148.2     3.947    127.42   150.279         0         0   
    27.73     51.14   68.9111   18.0754     147.9     4.233   127.526   150.255         0         0   
    28.14      51.3   68.3092   17.9462     146.8      4.21   127.628   150.186         0         0   
    28.54     51.41   67.7502   17.8163     146.5     4.496   127.722   150.107         0         0   
    28.94     51.44   67.1936   17.6963     146.1     4.574   127.809       150         0         0   
    29.34     51.32   66.6561   17.5712     145.5     4.833   127.891   149.844         0         0   
    29.74     50.99    66.134   17.4567     145.4     4.866   127.967   149.618         0         0   
    30.15      50.8   65.6053   17.3333     145.2     4.686    128.04   149.436         0         0   
    30.55     50.75   65.0983   17.2241     145.2     4.502   128.105   149.305         0         0   
    30.95     50.69   64.6185   17.1074     145.2     4.604   128.166   149.175         0         0   
    31.35     50.54   64.1436   17.0031     145.1     4.507   128.221   149.015         0         0   
    31.75     50.48   63.6783   16.8905     145.8     4.427   128.273   148.884         0         0   
    32.16     50.59   63.2201   16.7804     146.6     4.296    128.32   148.811         0         0   
    32.56     50.71   62.7706   16.6791     146.8     4.231   128.363   148.742         0         0   
    32.96     50.72   62.3492   16.5752       147      4.52   128.401   148.641         0         0   
    33.36     50.63   61.9168   16.4779     146.8     4.675   128.435   148.501         0         0   
    33.76     50.63   61.5099   16.3773     147.1     4.806   128.466   148.396         0         0   
    34.17     50.83   61.0902   16.2817       148     5.279   128.493   148.354         0         0   
    34.57     51.15   60.6957   16.1841     148.7     5.226   128.516   148.358         0         0   
    34.97     51.54   60.3081   16.0945       149     4.756   128.536   148.388         0         0   
    35.37     51.99   59.9269   15.9999     149.1     4.419   128.552    148.44         0         0   
    35.77     52.37   59.5594   15.9137     147.9     4.317   128.565    148.47         0         0   
    36.17     52.53   59.1895   15.8219     147.5     4.079   128.575    148.42         0         0   
    36.58     52.71   58.8266   15.7369     147.5      3.62   128.582   148.379         0         0   
    36.98     52.85   58.4729   15.6478     147.7     3.634   128.586   148.323         0         0   
    37.38     53.02   58.1388   15.5679     148.9     3.511   128.587   148.283         0         0   
    37.78     53.12   57.7962   15.4812     149.7     3.424   128.585   148.214         0         0   
