!# Results of ROTMAS saved at 12-May-2008 (12:09:42)
!# User velocity         : Vu=SQRT(4*{PI}*4.321*RHO*RC*RC*(1-(RC/R)*ATAN(R/RC)))
!# Total velocity        : Vt=SQRT(MG*VG*ABS(VG)+MD*VD*ABS(VD)+VU**2)
!# Chi-square            : 132.224
!# Red. Chi-square (N=123,n=2) : 1.092758
!# Parameter name  :           RC         RHO          MD          MG
!# Parameter value :     2.779160    48.925800     0.710000     1.000000 
!# Parameter error :     0.095786     2.825477     0.000000     0.000000 
!#
!# Radius |  vgas   |  vdisk  |  vbulge |  vobs   | err vobs|   Vu    |   Vt    |   Rxv   |   Vxy   |
!# kpc       km/s      km/s       km/s     km/s     km/s       km/s      km/s       kpc       km/s   
!#===================================================================================================
   0.2095   -0.9921   16.4877         0      17.2     5.698   6.22373   17.5953         0         0   
    0.419    -2.426   30.2484         0     37.45     6.548   12.3847   32.5955         0         0   
   0.6285    -3.697    41.415         0     57.01      5.03    18.424   45.1772         0         0   
   0.8381    -4.277    50.097         0     70.58     4.519   24.2927   55.5117         0         0   
    1.048    -5.684   56.6978         0     77.05     2.833   29.9535   63.8713         0         0   
    1.257    -7.711   62.8372         0     79.73     2.831   35.3431   71.6812         0         0   
    1.467    -8.554   68.4561         0     84.06     2.885   40.4892   79.0723         0         0   
    1.676    -7.516   73.6326         0     90.57     3.713   45.3309   86.1404         0         0   
    1.886      -6.2   78.7665         0     98.39     4.628   49.9112   93.0422         0         0   
    2.095    -4.597   83.7293         0     104.7      5.61   54.1895   99.6292         0         0   
    2.305    -1.374   87.3236         0     109.2     5.778   58.2148    104.94         0         0   
    2.514     5.588   90.2061         0       113     4.854     61.96   109.578         0         0   
    2.724     6.947   92.6699         0     115.6     4.194   65.4747   113.679         0         0   
    2.933     9.284   94.6408         0     118.8      3.58   68.7403   117.338         0         0   
    3.143     10.98   96.2848         0     122.4     3.084   71.8034   120.611         0         0   
    3.352      13.2   97.4703         0     125.1     3.405   74.6501    123.48         0         0   
    3.562     15.04     98.27         0     125.9       4.2   77.3226   125.944         0         0   
    3.771     15.66   98.5438         0     125.8     3.966   79.8096   127.772         0         0   
    3.981     16.17   98.5169         0     126.5     2.969   82.1484   129.288         0         0   
     4.19      16.9   98.0871         0     127.4     2.821    84.329   130.453         0         0   
      4.4     17.53   97.4375         0     129.2     2.837    86.384   131.391         0         0   
    4.609     18.49   96.4407         0     130.9     2.842   88.3045   132.062         0         0   
    4.819     19.86   95.3276         0     132.4     3.002   90.1186   132.677         0         0   
    5.028     21.56   94.2743         0     133.7     3.244   91.8181   133.353         0         0   
    5.238     22.64    92.996         0     134.6     3.211   93.4274   133.752         0         0   
    5.447     23.37   91.9436         0     135.5     2.677   94.9387   134.213         0         0   
    5.657     24.15   90.7117         0     136.6     2.759   96.3734   134.535         0         0   
    5.866     25.46   89.6652         0     136.9     3.343   97.7239   135.048         0         0   
    6.076     26.93   88.8681         0     136.8     3.336    99.009   135.741         0         0   
    6.285     28.69    88.167         0     135.9     3.297   100.222   136.532         0         0   
    6.495     29.61   87.5688         0     135.1     3.707   101.378   137.195         0         0   
    6.704     30.49   86.8947         0     134.7     4.276   102.471   137.771         0         0   
    6.914     31.44   86.4009         0       135      5.43   103.517   138.453         0         0   
    7.123     32.16   85.8102         0     136.6     5.807   104.507   138.994         0         0   
    7.333     32.74   85.1471         0     138.5     5.631   105.456   139.437         0         0   
    7.543     33.23    84.446         0     139.9     5.388    106.36   139.814         0         0   
    7.752      33.3   83.8934         0     139.6     5.633    107.22   140.154         0         0   
    7.962     33.01   83.3536         0     139.3     5.377   108.046   140.398         0         0   
    8.171     32.28   82.9192         0     139.3     5.065   108.833   140.578         0         0   
    8.381     31.45   82.6239         0     138.9     4.588   109.589   140.803         0         0   
     8.59     30.87   82.2888         0     138.5      4.81   110.311   141.042         0         0   
      8.8     30.37   81.6966         0     138.8     4.657   111.006   141.135         0         0   
    9.009     30.12   81.0299         0     138.9     4.265    111.67   141.221         0         0   
    9.219     29.69   80.5013         0     139.3      4.62   112.311   141.336         0         0   
    9.428     29.37   80.1029         0     140.5       4.2   112.924   141.531         0         0   
    9.638     29.37   79.4413         0     141.4     3.974   113.517   141.632         0         0   
    9.847     29.21   78.8417         0       142     3.853   114.085    141.72         0         0   
    10.06     29.01   78.2407         0     142.3     3.781   114.642   141.796         0         0   
    10.27     29.26   77.5812         0     142.4     3.725   115.172   141.914         0         0   
    10.48     29.63   76.9232         0     141.9     3.537   115.682   142.047         0         0   
    10.69     29.79   76.3197         0     140.9     3.621   116.175   142.157         0         0   
    10.89     29.66    75.787         0     140.6      3.49   116.628   142.216         0         0   
     11.1     29.67   75.2655         0     140.4     3.411   117.088   142.319         0         0   
    11.31     30.06   74.6036         0     140.3      3.41   117.533   142.419         0         0   
    11.52      30.5   73.9957         0     140.5     3.498   117.963   142.551         0         0   
    11.73     30.81   73.3269         0     140.4     3.501   118.379   142.617         0         0   
    11.94     31.54   72.8253         0     139.9     3.484   118.782   142.855         0         0   
    12.15     32.79    72.263         0     139.7      3.61   119.172   143.175         0         0   
    12.36     33.79   71.7633         0     139.5     3.656    119.55   143.471         0         0   
    12.57     34.91    71.191         0     139.7     3.657   119.917    143.76         0         0   
    12.78     36.85   70.6715         0     139.6     3.631   120.273   144.284         0         0   
    12.99     38.45   70.1345         0     139.6       3.7   120.618   144.727         0         0   
     13.2     39.21   69.5704         0     139.4     3.843   120.953   144.938         0         0   
    13.41     39.55   69.0916         0     139.4     3.799   121.278   145.073         0         0   
    13.62     39.47   68.5602         0     139.5     3.896   121.594   145.064         0         0   
    13.83      39.3    68.048         0     139.6      4.59   121.901   145.034         0         0   
    14.04     39.22   67.5647         0     139.6     5.185     122.2   145.038         0         0   
    14.25     39.28   67.0279         0     139.7     5.734    122.49    145.05         0         0   
    14.46     39.51   66.5943         0     139.6     5.857   122.773   145.152         0         0   
    14.67     40.04   66.0753         0     139.3     6.046   123.048   145.293         0         0   
    14.88     41.16   65.6195         0     139.7      5.87   123.316   145.626         0         0   
    15.09     42.37   65.1679         0     139.9     5.598   123.577   145.991         0         0   
    15.29     43.23   64.6912         0     139.8     5.794   123.819   146.236         0         0   
     15.5     44.11    64.283         0     139.7     6.102   124.068   146.529         0         0   
    15.71     45.19   63.7858         0     139.8     6.116    124.31   146.846         0         0   
    15.92     45.93   63.3755         0       140     6.199   124.545   147.097         0         0   
    16.13     46.62    62.947         0     140.2     6.507   124.776   147.325         0         0   
    16.34     47.23    62.492         0     140.6     6.624       125   147.516         0         0   
    16.55     47.76   62.1068         0     141.2     6.268    125.22    147.71         0         0   
    16.76     48.04   61.6462         0     141.3     6.081   125.434   147.789         0         0   
    16.97      48.7    61.274         0     141.7     6.252   125.643   148.028         0         0   
    17.18     49.82   60.8681         0     142.4     6.328   125.847   148.406         0         0   
    17.39     50.67   60.4644         0     143.2     6.183   126.047   148.698         0         0   
     17.6     51.38   60.0859         0     144.2     6.207   126.242   148.954         0         0   
    17.81     51.94   59.6771         0     145.2     6.192   126.433   149.145         0         0   
    18.02     52.52   59.3337         0       146     6.007   126.619    149.37         0         0   
    18.23     53.29   58.9446         0     146.6     5.847   126.802   149.643         0         0   
    18.44     54.09   58.5858         0     147.7     5.953    126.98    149.94         0         0   
    18.65     54.69   58.2297         0     148.9     5.721   127.155   150.167         0         0   
    18.86     55.11   57.8583         0     149.8     5.415   127.326   150.322         0         0   
    19.07     55.53   57.5386         0       151     5.543   127.494   150.496         0         0   
    19.28     55.78   57.1702         0     152.6      5.37   127.658   150.587         0         0   
    19.48     55.92   56.8651         0     153.6     7.742   127.811   150.653         0         0   
    19.69     55.95   56.5339         0     154.1     4.742   127.968   150.673         0         0   
     19.9     56.27    56.198         0     154.1     4.367   128.123   150.798         0         0   
    20.11     56.55   55.8934         0     153.5     4.278   128.274   150.918         0         0   
    20.32     56.46   55.5506         0     153.6     4.034   128.422   150.884         0         0   
    20.53     56.18   55.2621         0       153     3.614   128.568   150.797         0         0   
    20.74     55.89   54.9522         0     152.2       3.1   128.711   150.698         0         0   
    20.95     55.45   54.6471         0     150.2     8.876    128.85   150.544         0         0   
    21.16     55.17   54.3542         0     150.6     3.036   128.988   150.452         0         0   
    21.37     54.83    54.037         0     150.3     3.141   129.122   150.329         0         0   
    21.58     54.55   53.7816         0     150.4     3.088   129.254   150.249         0         0   
    21.79     54.35   53.4889         0     150.8     3.119   129.384   150.184         0         0   
       22     54.19   53.2112         0     150.7     3.418   129.511   150.137         0         0   
    22.21      54.1   52.9363         0     150.7     6.765   129.636   150.116         0         0   
    22.42     53.85   52.6601         0       152     3.312   129.759   150.035         0         0   
    22.63     53.52   52.4092         0     151.9     3.303    129.88   149.933         0         0   
    22.84     53.13   52.1317         0     150.4     3.202   129.998     149.8         0         0   
    23.05     52.67   51.8824         0     149.5      3.04   130.115   149.652         0         0   
    23.26     52.36   51.6246         0     150.2      3.03   130.229   149.554         0         0   
    23.47     52.18   51.3715         0     150.3     2.974   130.341   149.501         0         0   
    23.68     51.94   51.1313         0     150.4     2.679   130.452   149.432         0         0   
    23.88     51.64   50.8868         0     150.1     7.398   130.555   149.335         0         0   
    24.09     51.22   50.6609         0     151.4     2.243   130.662   149.207         0         0   
     24.3     50.82   50.4191         0     152.9     2.171   130.767    149.08         0         0   
    24.51     50.63   50.1851         0     153.7     2.488   130.871   149.027         0         0   
    24.72     50.37   49.9575         0     153.5     2.816   130.972   148.952         0         0   
    24.93     49.99   49.7188         0     153.5     3.287   131.072   148.832         0         0   
    25.14     49.68   49.5151         0     154.3     3.577   131.171   148.747         0         0   
    25.35     49.71   49.2883         0     156.2     6.314   131.268   148.767         0         0   
    25.56     49.58   49.0746         0       157     5.655   131.363   148.737         0         0   
    25.77     49.46   48.8582         0     159.2     3.297   131.457   148.709         0         0   
