!# Results of ROTMAS saved at 12-May-2008 (13:05:40)
!# User velocity         : Vu=V200*SQRT(((LN(1+C*R*0.75/V200))-(C*R*0.75/V200)/(1+C*R*0.75/V200))/((0.75*R/V200)*(LN(1+C)-(C/(1+C)))))
!# Total velocity        : Vt=SQRT(MG*VG*ABS(VG)+MD*VD*ABS(VD)+VU**2)
!# Chi-square            : 544.437
!# Red. Chi-square (N=100,n=2) : 5.555482
!# Parameter name  :            C        V200          MD          MG
!# Parameter value :     8.935320   128.410004     0.710000     1.000000 
!# Parameter error :     1.963760    16.376940     0.000000     0.000000 
!#
!# Radius |  vgas   |  vdisk  |  vbulge |  vobs   | err vobs|   Vu    |   Vt    |   Rxv   |   Vxy   |
!# kpc       km/s      km/s       km/s     km/s     km/s       km/s      km/s       kpc       km/s   
!#===================================================================================================
   0.3117     -5.11   69.9815         0     19.38     3.557   28.9774   75.5711         0         0   
   0.6233    -4.322   112.305         0     34.68     5.396   40.5447   119.321         0         0   
    0.935    -6.483   131.413         0     87.05     18.59   49.1418   140.151         0         0   
    1.247    -8.805   147.445         0     142.3     19.34    56.169   157.536         0         0   
    1.558    -10.91   159.885         0     172.9     11.21   62.1502   171.193         0         0   
     1.87    -12.36    169.58         0       185     15.62   67.4096   182.067         0         0   
    2.182     -13.1   176.158         0     199.4     11.86   72.0989    189.89         0         0   
    2.493    -13.38   181.739         0       209      11.2   76.3192   196.658         0         0   
    2.805    -13.45   186.851         0     217.5     8.091   80.1775   202.881         0         0   
    3.117    -13.38   191.577         0     223.5     6.489   83.7186   208.642         0         0   
    3.428    -13.78   195.086         0     224.6     9.461   86.9776   213.152         0         0   
     3.74    -14.98   197.316         0     222.2     10.02   90.0107   216.359         0         0   
    4.051    -16.18   199.335         0     220.9     6.432   92.8268   219.293         0         0   
    4.363    -15.65   200.815         0     222.2     5.241   95.4674   221.801         0         0   
    4.675    -12.35   202.223         0     224.8     4.904   97.9424   224.353         0         0   
    4.986      -4.3   203.442         0     228.2     4.521   100.261   226.765         0         0   
    5.298     10.81   205.386         0     231.1     3.992   102.452   229.775         0         0   
     5.61     14.85   204.876         0       232     4.031    104.52   230.476         0         0   
    5.921      17.5   204.851         0     232.8     4.045   106.469    231.53         0         0   
    6.233     20.51   204.736         0     233.4     3.923   108.321   232.532         0         0   
    6.545     23.87   202.762         0     233.4     4.238   110.077   231.946         0         0   
    6.856     26.16   200.611         0     232.7     6.663    111.74   231.116         0         0   
    7.168      26.8   198.335         0     231.1     9.984   113.326   229.995         0         0   
     7.48     26.85   195.413         0     231.1     10.39   114.836   228.243         0         0   
    7.791     27.06   193.348         0       231     8.394   116.271   227.232         0         0   
    8.103     27.44   191.404         0     230.3      8.13   117.643   226.337         0         0   
    8.415     27.85   188.756         0     230.1     7.019   118.953   224.843         0         0   
    8.726     28.35   186.791         0     229.8     7.029   120.201   223.926         0         0   
    9.038     29.36   185.021         0     230.2     6.995   121.399   223.231         0         0   
     9.35     30.77   182.819         0     231.2     7.601   122.544   222.231         0         0   
    9.661     32.77   181.268         0     231.4     8.102   123.638   221.851         0         0   
    9.973     35.17   179.881         0     231.1     8.293   124.688   221.679         0         0   
    10.28     37.29   177.768         0     230.1     8.933    125.68   220.879         0         0   
     10.6      39.1   176.257         0     229.4     10.01   126.671   220.547         0         0   
    10.91     40.43   174.733         0       228     12.56   127.593   220.105         0         0   
    11.22     41.46   172.709         0     227.8     12.06   128.477   219.212         0         0   
    11.53     42.47   171.301         0     227.8     10.66   129.327     218.8         0         0   
    11.84     43.49   169.821         0     227.6     9.462   130.144    218.33         0         0   
    12.15     44.75   167.953         0     226.8     9.481    130.93   217.609         0         0   
    12.47     46.02   166.584         0     224.9     11.83   131.709   217.291         0         0   
    12.78     47.19   165.137         0     224.8      11.8   132.435   216.878         0         0   
    13.09     48.33   163.477         0     222.5      13.7   133.134   216.299         0         0   
     13.4      49.4   162.195         0     218.6     16.71   133.808   215.991         0         0   
    13.71     50.56    160.86         0     212.3     22.69   134.456   215.663         0         0   
    14.02     52.13   159.358         0     209.3     26.13   135.081   215.312         0         0   
    14.34     53.89   158.204         0     209.2     28.52   135.702   215.285         0         0   
    14.65     55.18   156.989         0     206.6      31.8   136.281   215.088         0         0   
    14.96     55.86    155.55         0     210.7     30.27    136.84   214.572         0         0   
    15.27     56.13   154.424         0     213.4     30.67   137.379   214.174         0         0   
    15.58     56.62   153.254         0     214.9     30.14   137.898   213.796         0         0   
    15.89     57.27   151.955         0     217.5     28.74     138.4   213.365         0         0   
    16.21     57.92   151.011         0     218.8     28.01   138.899   213.195         0         0   
    16.52     58.32   149.973         0     216.5     28.56   139.365   212.875         0         0   
    16.83     58.68   148.793         0     215.2     28.97   139.815   212.441         0         0   
    17.14     58.98   147.823         0     215.9     28.04    140.25   212.133         0         0   
    17.45     59.16   146.859         0     215.2     26.86   140.669    211.79         0         0   
    17.76     59.27   145.805         0     214.1     26.49   141.074   211.362         0         0   
    18.08     59.32   144.907         0     214.3     26.97   141.477   211.028         0         0   
    18.39     59.37    144.02         0     213.4     27.22   141.854   210.687         0         0   
     18.7     59.56    143.02         0       214     26.78   142.219   210.305         0         0   
    19.01     59.83   142.172         0     213.6     26.68    142.57   210.045         0         0   
    19.32     60.17   141.355         0     213.9     26.33    142.91   209.821         0         0   
    19.63     60.49   140.441         0     214.4     25.66   143.238   209.523         0         0   
    19.95     60.65   139.631         0     214.4     26.26   143.565   209.251         0         0   
    20.26     60.67   138.816         0     212.7     26.94   143.871   208.925         0         0   
    20.57     60.52   137.901         0     210.8     28.24   144.167   208.478         0         0   
    20.88     59.94   137.111         0     208.8     28.74   144.452   207.987         0         0   
    21.19     59.36   136.336         0     201.6     28.32   144.727   207.502         0         0   
     21.5     58.72   135.487         0     193.3     25.09   144.994   206.949         0         0   
    21.82     57.84   134.721         0     189.3     22.85   145.259   206.386         0         0   
    22.13     57.18   133.936         0     188.1     22.22   145.507   205.866         0         0   
    22.44      56.6   133.052         0       188     21.99   145.746   205.301         0         0   
    22.75     56.08   132.189         0     188.5     22.63   145.978   204.764         0         0   
    23.06     55.75   131.488         0     183.1     20.92   146.201   204.382         0         0   
    23.37     55.55   130.613         0     186.5     21.43   146.416    203.92         0         0   
    23.69     55.25   129.782         0       186     19.78   146.631   203.462         0         0   
       24     54.97   129.161         0     184.2      19.3   146.832   203.135         0         0   
    24.31      54.7   128.438         0     184.4     19.58   147.025   202.743         0         0   
    24.62     54.35   127.752         0     187.2      18.8   147.212   202.351         0         0   
    24.93     54.03   127.203         0     184.5      19.8   147.392    202.05         0         0   
    25.24     53.79    126.52         0     182.5     19.49   147.566   201.684         0         0   
    25.56     53.47   125.916         0     185.2        18   147.739   201.347         0         0   
    25.87     53.08   125.385         0     188.6     17.45     147.9   201.031         0         0   
    26.18      52.7   124.827         0     189.8     17.52   148.056   200.698         0         0   
    26.49     52.29   124.235         0     191.1     17.11   148.206   200.334         0         0   
     26.8     51.93   123.699         0     193.4     16.77    148.35   200.015         0         0   
    27.11     51.53   123.181         0     190.2        18   148.489   199.695         0         0   
    27.43     51.16   122.606         0     187.6     18.03   148.627   199.348         0         0   
    27.74     50.86   122.198         0     188.4     17.53   148.756   199.117         0         0   
    28.05     50.59   121.689         0     190.4     16.97    148.88   198.828         0         0   
    28.36     50.32   121.232         0     193.2     16.58   148.999    198.57         0         0   
    28.67     50.05   120.967         0     195.3     16.64   149.114   198.426         0         0   
    28.98      49.8   120.652         0     193.4      17.6   149.223   198.254         0         0   
     29.3     49.45   120.586         0     196.8     16.89   149.332   198.208         0         0   
    29.61     49.19   120.559         0     200.2     16.48   149.434   198.203         0         0   
    29.92     49.11   120.496         0     198.6      16.1   149.531   198.219         0         0   
    30.23     48.89   120.486         0     199.7     16.16   149.624   198.228         0         0   
    30.54     48.67   120.656         0     200.5     16.73   149.713   198.345         0         0   
    30.85     48.53   120.835         0     201.8     16.65   149.798   198.484         0         0   
    31.17     48.62   121.055         0     203.2     16.31   149.883   198.704         0         0   
