!# Results of ROTMAS saved at 13-Oct-2007 (13:35:18)
!# User velocity         : Vu=V200*SQRT(((LN(1+C*R*0.75/V200))-(C*R*0.75/V200)/(1+C*R*0.75/V200))/((0.75*R/V200)*(LN(1+C)-(C/(1+C)))))
!# Total velocity        : Vt=SQRT(MG*VG*ABS(VG)+MD*VD*ABS(VD)+MB*VB*ABS(VB)+VU**2)
!# Chi-square            : 264.94
!# Red. Chi-square (N=94,n=2) : 2.879785
!# Parameter name  :            C        V200          MB          MD          MG
!# Parameter value :     5.083010   122.719002     1.000000     1.000000     1.000000 
!# Parameter error :     0.466684     4.923653     0.000000     0.000000     0.000000 
!#
!# Radius |  vgas   |  vdisk  |  vbulge |  vobs   | err vobs|   Vu    |   Vt    |   Rxv   |   Vxy   |
!# kpc       km/s      km/s       km/s     km/s     km/s       km/s      km/s       kpc       km/s   
!#===================================================================================================
   0.4019      1.03   6.39907   56.7282     23.77     5.576   22.0138    61.194         0         0   
   0.8039    -1.568   14.0548    85.697      42.3     6.204   30.8804   92.1556         0         0   
    1.206     -3.98   25.3805   90.3297     56.24     6.558    37.518   100.972         0         0   
    1.608    -5.708   34.7992   88.7036     67.49     6.965   42.9766   104.373         0         0   
     2.01    -7.393   36.6196    84.133     76.42     7.424   47.6703   103.137         0         0   
    2.412    -9.243   43.6469   78.3804     84.69      5.94   51.8128   103.188         0         0   
    2.814    -10.85   50.5368   72.7215     91.77     5.494   55.5321   103.964         0         0   
    3.216     -11.5   58.4152   67.7517     99.19     4.859   58.9127   106.495         0         0   
    3.617    -10.98   66.3902   63.3233     106.3     4.307   62.0065    110.19         0         0   
    4.019    -10.05   73.5307   59.4719     113.5     4.031   64.8723   114.241         0         0   
    4.421    -9.169   80.5086   56.2673     121.5     4.653   67.5353   118.847         0         0   
    4.823    -7.911   89.1264   53.3974     128.6     5.635   70.0216   125.041         0         0   
    5.225    -5.975    100.49   51.0351     133.9     6.663   72.3521   133.798         0         0   
    5.627    -1.655   108.828   48.8862     138.2     7.271   74.5439   140.668         0         0   
    6.029     5.834   113.126   47.0648     140.4     7.032   76.6112   144.623         0         0   
    6.431     8.627   115.849   45.4425     142.4     5.534   78.5659   147.421         0         0   
    6.833     10.96   118.331   43.9374     142.8     3.916   80.4184   150.067         0         0   
    7.235      13.1   118.941   42.6338     142.9     4.516   82.1775   151.292         0         0   
    7.637     15.21   118.528   41.3899     143.2     6.099   83.8507   151.738         0         0   
    8.039     17.31   117.928   40.3146     144.5      6.82   85.4447   152.094         0         0   
    8.441        19   117.485     39.26       146     6.666   86.9656   152.539         0         0   
    8.843     20.81   116.035   38.3396     147.1     6.148   88.4185   152.266         0         0   
    9.245     22.47   114.971   37.4407     148.4     5.116   89.8081   152.284         0         0   
    9.647     23.63   113.979   36.6395     149.9     3.861   91.1386    152.31         0         0   
    10.05     24.99   113.561   35.8601     151.1     3.192   92.4169   152.799         0         0   
    10.45     26.36   112.722   35.1553       152     3.271   93.6342   152.985         0         0   
    10.85     27.22   112.185   34.4779     152.6     3.623   94.8032   153.306         0         0   
    11.25     27.75   111.098   33.8453     153.4     3.846   95.9267   153.167         0         0   
    11.66     28.72   109.826   33.2344     154.5     3.963   97.0338   152.992         0         0   
    12.06     30.19   108.614   32.6607     155.7     3.685   98.0729   152.949         0         0   
    12.46      32.1    107.21    32.132     156.9     3.314   99.0737   152.881         0         0   
    12.86     34.06   105.855   31.6079     157.8      3.22   100.038   152.879         0         0   
    13.26     35.71   104.331   31.1295     158.5     3.254   100.968   152.721         0         0   
    13.67     36.67   102.717    30.641     158.7     3.245   101.887   152.366         0         0   
    14.07      37.2   101.442   30.2023       158     3.218   102.753   152.134         0         0   
    14.47     37.54   100.171     29.77     156.6     3.391   103.588   151.856         0         0   
    14.87      37.8   98.8282   29.3649     155.2     3.873   104.396   151.514         0         0   
    15.27     38.02    97.564   28.9705       153     4.865   105.176   151.214         0         0   
    15.68     38.09    96.221   28.5849     151.1     5.308   105.949   150.837         0         0   
    16.08     37.81   94.9888   28.2245       150     5.178   106.679   150.431         0         0   
    16.48     37.35    93.729    27.874     150.1     5.031   107.384   149.962         0         0   
    16.88     37.22   92.5276   27.5424     150.2     4.808   108.068   149.612         0         0   
    17.28     37.58   91.3227   27.2139     150.3     4.512   108.729   149.381         0         0   
    17.69     38.05   90.0708   26.9008     150.3     4.325   109.386   149.163         0         0   
    18.09     38.55   88.9956   26.5919     150.5     4.283   110.007   149.047         0         0   
    18.49     39.15   87.8251   26.3096     150.7     4.187   110.608   148.904         0         0   
    18.89     39.77   86.7893   26.0182     151.3     4.309   111.191   148.844         0         0   
    19.29      40.6    85.682   25.7467       152     4.302   111.757   148.803         0         0   
     19.7     41.76   84.6542   25.4744     152.8     4.196   112.319   148.912         0         0   
     20.1     42.84   83.6239   25.2179       153     4.191   112.851   148.995         0         0   
     20.5      43.7   82.6638   24.9696     153.1     4.314   113.367   149.059         0         0   
     20.9     44.38   81.6949   24.7268     152.9     4.145   113.868   149.067         0         0   
     21.3     44.82   80.7783   24.4942     151.6     3.687   114.354   149.033         0         0   
     21.7     44.82   79.8701   24.2635     150.9      3.23   114.826   148.869         0         0   
    22.11     44.58   78.9779     24.04     150.7     3.021   115.296   148.647         0         0   
    22.51     44.29   78.1312   23.8204     150.3     3.301   115.742   148.424         0         0   
    22.91     43.94   77.3029   23.6155     149.8     3.622   116.174   148.191         0         0   
    23.31      43.5   76.5067    23.406     149.5     3.622   116.595   147.945         0         0   
    23.71     43.37   75.7206   23.2129     149.7     3.438   117.003   147.794         0         0   
    24.12     43.75   74.9363    23.008       150     3.325    117.41   147.797         0         0   
    24.52     44.61   74.1696   22.8262     150.1     3.189   117.796   147.946         0         0   
    24.92     45.96   73.4681   22.6345     149.9     3.226   118.171   148.279         0         0   
    25.32     47.34   72.7482   22.4535     149.5     3.286   118.536   148.622         0         0   
    25.72     48.33   72.0766   22.2787     149.1     3.473   118.891    148.87         0         0   
    26.13     49.19   71.3873   22.1009     148.6     3.666   119.245   149.076         0         0   
    26.53     49.93   70.7445   21.9354     148.2     3.855    119.58   149.259         0         0   
    26.93     50.46   70.1177   21.7689     148.3     3.964   119.907   149.379         0         0   
    27.33     50.86   69.5005   21.6116     148.2     3.947   120.224   149.459         0         0   
    27.73     51.14   68.9111   21.4515     147.9     4.233   120.533   149.507         0         0   
    28.14      51.3   68.3092   21.2982     146.8      4.21   120.841   149.513         0         0   
    28.54     51.41   67.7502   21.1441     146.5     4.496   121.134   149.511         0         0   
    28.94     51.44   67.1936   21.0017     146.1     4.574   121.418   149.481         0         0   
    29.34     51.32   66.6561   20.8532     145.5     4.833   121.695   149.403         0         0   
    29.74     50.99    66.134   20.7173     145.4     4.866   121.965   149.259         0         0   
    30.15      50.8   65.6053   20.5708     145.2     4.686   122.234   149.161         0         0   
    30.55     50.75   65.0983   20.4412     145.2     4.502   122.489   149.113         0         0   
    30.95     50.69   64.6185   20.3028     145.2     4.604   122.738    149.07         0         0   
    31.35     50.54   64.1436    20.179     145.1     4.507    122.98   148.997         0         0   
    31.75     50.48   63.6783   20.0453     145.8     4.427   123.216   148.953         0         0   
    32.16     50.59   63.2201   19.9147     146.6     4.296   123.451   148.973         0         0   
    32.56     50.71   62.7706   19.7944     146.8     4.231   123.674   148.992         0         0   
    32.96     50.72   62.3492   19.6711       147      4.52   123.891   148.983         0         0   
    33.36     50.63   61.9168   19.5557     146.8     4.675   124.103   148.933         0         0   
    33.76     50.63   61.5099   19.4363     147.1     4.806   124.309   148.921         0         0   
    34.17     50.83   61.0902   19.3228       148     5.279   124.515   148.973         0         0   
    34.57     51.15   60.6957    19.207     148.7     5.226    124.71    149.07         0         0   
    34.97     51.54   60.3081   19.1007       149     4.756     124.9   149.192         0         0   
    35.37     51.99   59.9269   18.9884     149.1     4.419   125.085   149.336         0         0   
    35.77     52.37   59.5594   18.8861     147.9     4.317   125.266   149.459         0         0   
    36.17     52.53   59.1895   18.7771     147.5     4.079   125.441   149.502         0         0   
    36.58     52.71   58.8266   18.6763     147.5      3.62   125.616   149.557         0         0   
    36.98     52.85   58.4729   18.5705     147.7     3.634   125.783   149.594         0         0   
    37.38     53.02   58.1388   18.4757     148.9     3.511   125.945   149.648         0         0   
    37.78     53.12   57.7962   18.3728     149.7     3.424   126.102   149.671         0         0   
