!# Results of ROTMAS saved at 14-Oct-2007 (21:21:01)
!# User velocity         : Vu=SQRT(4*{PI}*4.321*RHO*RC*RC*(1-(RC/R)*ATAN(R/RC)))
!# Total velocity        : Vt=SQRT(MG*VG*ABS(VG)+MD*VD*ABS(VD)+MB*VB*ABS(VB)+VU**2)
!# Chi-square            : 452.542
!# Red. Chi-square (N=117,n=2) : 3.935144
!# Parameter name  :           RC         RHO          MB          MD          MG
!# Parameter value :     5.246540    14.813700     1.000000     1.000000     1.000000 
!# Parameter error :     1.362222     4.245419     0.000000     0.000000     0.000000 
!#
!# Radius |  vgas   |  vdisk  |  vbulge |  vobs   | err vobs|   Vu    |   Vt    |   Rxv   |   Vxy   |
!# kpc       km/s      km/s       km/s     km/s     km/s       km/s      km/s       kpc       km/s   
!#===================================================================================================
    2.432    -10.76   190.133   155.607     242.2     7.309   37.5275   248.308         0         0   
    2.537    -11.14    193.42   151.972     245.7     8.481   38.9601   248.798         0         0   
    2.643     -11.5   195.968   148.576     245.3     10.37   40.3859   248.952         0         0   
    2.749    -12.01   198.028   145.413     243.5     6.013   41.7909   248.922         0         0   
    2.855    -12.75   199.821   142.469     241.9     2.823   43.1749   248.852         0         0   
     2.96    -13.68   201.391   139.753     243.6     2.613   44.5251   248.766         0         0   
    3.066    -14.61   203.066   137.098     246.9     3.218   45.8671   248.841         0         0   
    3.278     -16.5   205.561   132.381     251.2     4.496   48.4875   248.714         0         0   
    3.383    -17.51   206.181   130.131       251     5.121   49.7539   248.221         0         0   
    3.489    -18.46    206.76   128.081     247.7     6.736   51.0113   247.822         0         0   
    3.595    -19.27    207.48    126.09     245.6     6.756   52.2477   247.599         0         0   
      3.7    -19.86   207.444   124.207     244.3     5.506   53.4517   246.826         0         0   
    3.806    -20.17   207.939   122.424     242.9     4.661   54.6465   246.588         0         0   
    3.912    -20.28   208.082   120.653     240.6     4.171   55.8207   246.089         0         0   
    4.018    -20.17    208.63   119.007     239.1     3.493   56.9744   246.025         0         0   
    4.123    -19.84   208.481   117.467     237.7     2.936   58.0972   245.448         0         0   
    4.229     -19.3    208.17   115.882     235.8     2.782   59.2108   244.738         0         0   
    4.335    -18.75    207.76   114.447     234.2     2.814   60.3045   244.023         0         0   
    4.441    -18.52   207.628   113.036     233.5     2.879   61.3787   243.538         0         0   
    4.546    -18.67   207.077    111.65     233.5     2.954   62.4238   242.682         0         0   
    4.652    -18.88    206.31   110.395     233.3     3.324   63.4598   241.706         0         0   
    4.758    -18.93   205.751   109.098     232.2     3.565   64.4771   240.904         0         0   
    4.863    -18.69   205.263   107.859     231.7     3.438   65.4666   240.215         0         0   
    4.969    -18.03   205.122   106.742     231.6      3.21   66.4475   239.915         0         0   
    5.075    -16.85   204.817   105.552     231.8      3.22   67.4104   239.482         0         0   
    5.181    -15.02   204.776   104.471     232.6     3.444   68.3558   239.362         0         0   
    5.286    -13.07   204.982   103.412     233.6     3.762   69.2752   239.457         0         0   
    5.392    -11.18   205.369   102.338     234.7     4.488   70.1865   239.689         0         0   
    5.498    -9.262    205.48   101.376     235.7     3.701   71.0811    239.72         0         0   
    5.604    -7.453    205.16   100.371     236.9     3.641   71.9594   239.348         0         0   
    5.709    -6.619    204.86   99.4035       238     5.056   72.8136    238.97         0         0   
    5.815    -6.661   204.664   98.5351     239.2     3.659   73.6602   238.701         0         0   
    5.921    -6.982   204.321   97.5981     239.8     3.749   74.4914    238.27         0         0   
    6.027    -8.842   203.762   96.7035     240.2     7.041   75.3075   237.621         0         0   
    6.132    -10.18   203.248   95.9044     240.5     7.027   76.1013   237.055         0         0   
    6.238    -10.37   202.889   95.0454     241.3     4.195   76.8882   236.647         0         0   
    6.344    -10.12   202.862   94.2231     241.9     4.592   77.6609   236.558         0         0   
    6.449    -10.78   202.464   93.4771     242.7     5.013   78.4125    236.14         0         0   
    6.555    -12.48   202.198   92.6858     243.6     5.687   79.1577   235.764         0         0   
    6.661    -15.38   202.054   91.9846     244.7     6.298   79.8895   235.442         0         0   
    6.767    -18.67   202.091   91.2211       248     6.747   80.6083   235.183         0         0   
    6.872    -19.58   202.467    90.495     251.9     7.296   81.3076   235.393         0         0   
    6.978    -18.44   202.372    89.837     257.1     7.188   82.0012   235.392         0         0   
    7.084    -15.42   202.254   89.1295     259.8     6.642   82.6824   235.477         0         0   
     7.19    -10.12   201.855   88.4481     259.6     6.333   83.3517   235.401         0         0   
    7.295    -1.779   201.701   87.8353     259.5     6.117    84.003   235.482         0         0   
    7.401     9.454   201.482    87.177     259.1     5.801   84.6492   235.478         0         0   
    7.507     12.81   201.118   86.5416     258.5     5.358    85.284    235.32         0         0   
    7.612     15.65    200.47   85.9635     258.1     4.985   85.9021   234.951         0         0   
    7.718      18.3   199.842   85.3489     257.9     5.055   86.5153   234.608         0         0   
    7.824      20.3   199.284   84.7547     257.1     5.159   87.1179   234.306         0         0   
     7.93     21.81   198.886   84.2024     255.6     5.211   87.7103   234.125         0         0   
    8.035     22.68   198.521   83.6316     253.6     5.281   88.2871    233.91         0         0   
    8.141     22.92   197.394   83.1105     251.4     5.622   88.8596   233.009         0         0   
    8.247     22.95    196.56   82.5516     249.5      5.99   89.4225   232.322         0         0   
    8.353     22.98   196.011   82.0102     248.2     6.026   89.9759   231.883         0         0   
    8.458     23.14    195.66   81.5207     246.9     5.894    90.515    231.64         0         0   
    8.564     23.57   194.915   80.9952     245.8     5.555   91.0502    231.08         0         0   
     8.67     24.26   194.024   80.4849     244.5      8.02   91.5766    230.43         0         0   
    8.775      24.8   193.307   80.0198     242.9     8.055   92.0895   229.927         0         0   
    8.881     25.05   192.705   79.5244     241.7     5.077   92.5989   229.481         0         0   
    8.987     25.29   191.876   79.0427     240.2     5.088   93.0999   228.848         0         0   
    9.093     25.56   191.034   78.5953     239.1     5.282   93.5929    228.22         0         0   
    9.198     25.86   190.249   78.1309     237.6     5.443   94.0734   227.635         0         0   
    9.304     26.36   189.478   77.6762     236.2     5.645   94.5507   227.091         0         0   
     9.41      27.1   188.823   77.2489     234.6     5.444   95.0205   226.682         0         0   
    9.516     27.69   187.654    76.805     232.9         7   95.4828   225.825         0         0   
    9.621     28.15   186.999   76.4024     230.2     9.017   95.9336   225.392         0         0   
    9.727     28.49   186.125   75.9701     228.6      6.38   96.3816   224.756         0         0   
    9.833     28.77    185.47   75.5487     226.5     6.537   96.8226   224.297         0         0   
    9.938     28.87   184.619   75.1638     224.3     7.832   97.2527   223.663         0         0   
    10.04     28.92   183.794   74.7689     223.9     6.116   97.6642   223.037         0         0   
    10.15      29.2   183.343   74.3528     223.1     5.668   98.1012   222.754         0         0   
    10.26     29.61   182.767   73.9656     222.1     5.486   98.5314   222.396         0         0   
    10.36     30.32   182.229    73.597     221.6     5.523   98.9165   222.098         0         0   
    10.47     31.33   181.227   73.2018     221.1     5.606   99.3339   221.474         0         0   
    10.57     32.46    180.58   72.8658     220.4      6.49   99.7076   221.165         0         0   
    10.68     33.86   180.009   72.4792     219.4     6.255   100.113   220.965         0         0   
    10.78      35.1   179.549   72.1368       218     6.639   100.476   220.837         0         0   
    10.89     36.14   178.889   71.7801     215.8     7.793   100.869   220.532         0         0   
       11     36.81   178.117   71.4112     214.3     7.151   101.256   220.075         0         0   
     11.1     37.08   177.597   71.1024     212.7     7.177   101.603    219.76         0         0   
    11.21     37.53    176.88    70.742       211     7.372    101.98   219.316         0         0   
    11.31      38.2   176.288   70.4212     209.5      7.54   102.317   219.008         0         0   
    11.42     38.72   175.643   70.0923       208     7.525   102.683   218.647         0         0   
    11.52     39.52   175.161   69.7786     207.1       7.3    103.01   218.457         0         0   
    11.63     40.85   174.655   69.4411     206.8     6.913   103.366   218.357         0         0   
    11.74     42.01   174.359   69.1244     205.4     6.599   103.716   218.406         0         0   
    11.84     42.62   173.982   68.8241     203.6     6.275    104.03   218.278         0         0   
    11.95     42.95   173.222   68.5012     202.2     7.529   104.371   217.799         0         0   
    12.05     43.35   172.568    68.225     201.3     7.448   104.676   217.418         0         0   
    12.16     43.79   172.161   67.9079     201.1      7.03   105.008   217.244         0         0   
    12.26     44.23   171.845   67.6266     200.7     9.807   105.305   217.139         0         0   
    12.37     44.73   170.823   67.3321     200.2     11.88   105.628     216.5         0         0   
    12.48     45.26   170.014   67.0277     200.3     11.78   105.946   216.033         0         0   
    12.58     45.51    169.34   66.7582     201.1     7.979   106.231   215.613         0         0   
    12.69     45.39   168.822   66.4732     200.3     13.21    106.54   215.246         0         0   
    12.79     45.06    168.18   66.2074     199.9     8.755   106.818   214.729         0         0   
     12.9     44.65    167.65   65.9332     198.5     10.01    107.12   214.294         0         0   
       13      44.4   167.086   65.6725     198.3     9.725    107.39   213.857         0         0   
    13.11     44.02   166.367   65.3915     198.6     9.753   107.684   213.278         0         0   
    13.22     43.77    165.78   65.1263     198.6     10.04   107.974   212.835         0         0   
    13.32     43.61   164.981   64.8753     198.8     9.768   108.234   212.236         0         0   
    13.43     43.57   164.643   64.6051     198.3     10.43   108.516   212.027         0         0   
    13.53     43.77   163.966   64.3729     198.5     12.17    108.77   211.602         0         0   
    13.64     44.11   163.425   64.1066     199.1     12.03   109.045   211.315         0         0   
    13.74     44.37   162.794   63.8702       199     13.79   109.292   210.938         0         0   
    13.85     44.53   162.218   63.6213     198.9     14.66   109.561   210.592         0         0   
    13.96     44.53   161.577   63.3649     198.3     15.34   109.826   210.159         0         0   
    14.06     44.54   161.322   63.1475     195.4     20.49   110.064   210.024         0         0   
    14.17     44.69   160.941   62.8955     197.6     14.26   110.322   209.824         0         0   
    14.27     44.85   160.477   62.6708     197.8      13.1   110.555   209.557         0         0   
    14.38     45.25   160.139   62.4376     196.4     15.51   110.807   209.448         0         0   
    14.48     45.76   159.661   62.2163     197.2     15.04   111.033   209.248         0         0   
    14.59     46.09   159.419   61.9776     197.4     12.26    111.28   209.196         0         0   
     14.7      46.4   159.408   61.7514     196.7     16.17   111.523   209.319         0         0   
     14.8     46.78    159.27   61.5375     196.8        15   111.741   209.352         0         0   
