!# Results of ROTMAS saved at 12-May-2008 (13:06:58)
!# User velocity         : Vu=SQRT(4*{PI}*4.321*RHO*RC*RC*(1-(RC/R)*ATAN(R/RC)))
!# Total velocity        : Vt=SQRT(MG*VG*ABS(VG)+MD*VD*ABS(VD)+VU**2)
!# Chi-square            : 466.386
!# Red. Chi-square (N=100,n=2) : 4.759039
!# Parameter name  :           RC         RHO          MD          MG
!# Parameter value :     2.502630    72.977798     0.710000     1.000000 
!# Parameter error :     0.663665    30.572273     0.000000     0.000000 
!#
!# Radius |  vgas   |  vdisk  |  vbulge |  vobs   | err vobs|   Vu    |   Vt    |   Rxv   |   Vxy   |
!# kpc       km/s      km/s       km/s     km/s     km/s       km/s      km/s       kpc       km/s   
!#===================================================================================================
   0.3117     -5.11   69.9815         0     19.38     3.557   11.2761   70.6997         0         0   
   0.6233    -4.322   112.305         0     34.68     5.396   22.2458   114.405         0         0   
    0.935    -6.483   131.413         0     87.05     18.59    32.661   135.256         0         0   
    1.247    -8.805   147.445         0     142.3     19.34   42.3503   153.154         0         0   
    1.558    -10.91   159.885         0     172.9     11.21   51.1834   167.523         0         0   
     1.87    -12.36    169.58         0       185     15.62   59.1956   179.189         0         0   
    2.182     -13.1   176.158         0     199.4     11.86   66.3858   187.795         0         0   
    2.493    -13.38   181.739         0       209      11.2   72.7933   195.317         0         0   
    2.805    -13.45   186.851         0     217.5     8.091   78.5318   202.236         0         0   
    3.117    -13.38   191.577         0     223.5     6.489   83.6556   208.617         0         0   
    3.428    -13.78   195.086         0     224.6     9.461   88.2241   213.664         0         0   
     3.74    -14.98   197.316         0     222.2     10.02   92.3336   217.335         0         0   
    4.051    -16.18   199.335         0     220.9     6.432   96.0172   220.662         0         0   
    4.363    -15.65   200.815         0     222.2     5.241    99.351     223.5         0         0   
    4.675    -12.35   202.223         0     224.8     4.904   102.368    226.32         0         0   
    4.986      -4.3   203.442         0     228.2     4.521   105.099   228.945         0         0   
    5.298     10.81   205.386         0     231.1     3.992   107.596   232.114         0         0   
     5.61     14.85   204.876         0       232     4.031   109.878   232.954         0         0   
    5.921      17.5   204.851         0     232.8     4.045   111.963   234.107         0         0   
    6.233     20.51   204.736         0     233.4     3.923   113.888   235.176         0         0   
    6.545     23.87   202.762         0     233.4     4.238   115.662   234.648         0         0   
    6.856     26.16   200.611         0     232.7     6.663   117.298   233.854         0         0   
    7.168      26.8   198.335         0     231.1     9.984    118.82   232.751         0         0   
     7.48     26.85   195.413         0     231.1     10.39   120.234   231.005         0         0   
    7.791     27.06   193.348         0       231     8.394   121.547   229.977         0         0   
    8.103     27.44   191.404         0     230.3      8.13   122.777   229.048         0         0   
    8.415     27.85   188.756         0     230.1     7.019   123.928   227.514         0         0   
    8.726     28.35   186.791         0     229.8     7.029   125.003    226.54         0         0   
    9.038     29.36   185.021         0     230.2     6.995   126.016   225.776         0         0   
     9.35     30.77   182.819         0     231.2     7.601   126.969   224.701         0         0   
    9.661     32.77   181.268         0     231.4     8.102   127.865   224.235         0         0   
    9.973     35.17   179.881         0     231.1     8.293   128.713   223.967         0         0   
    10.28     37.29   177.768         0     230.1     8.933   129.502   223.076         0         0   
     10.6      39.1   176.257         0     229.4     10.01    130.28    222.64         0         0   
    10.91     40.43   174.733         0       228     12.56   130.995   222.094         0         0   
    11.22     41.46   172.709         0     227.8     12.06   131.673     221.1         0         0   
    11.53     42.47   171.301         0     227.8     10.66   132.319   220.581         0         0   
    11.84     43.49   169.821         0     227.6     9.462   132.933   220.003         0         0   
    12.15     44.75   167.953         0     226.8     9.481   133.518   219.176         0         0   
    12.47     46.02   166.584         0     224.9     11.83   134.094   218.745         0         0   
    12.78     47.19   165.137         0     224.8      11.8   134.626   218.223         0         0   
    13.09     48.33   163.477         0     222.5      13.7   135.135   217.537         0         0   
     13.4      49.4   162.195         0     218.6     16.71   135.623    217.12         0         0   
    13.71     50.56    160.86         0     212.3     22.69   136.089   216.686         0         0   
    14.02     52.13   159.358         0     209.3     26.13   136.537   216.228         0         0   
    14.34     53.89   158.204         0     209.2     28.52   136.979   216.093         0         0   
    14.65     55.18   156.989         0     206.6      31.8   137.391   215.793         0         0   
    14.96     55.86    155.55         0     210.7     30.27   137.786   215.177         0         0   
    15.27     56.13   154.424         0     213.4     30.67   138.167    214.68         0         0   
    15.58     56.62   153.254         0     214.9     30.14   138.533   214.206         0         0   
    15.89     57.27   151.955         0     217.5     28.74   138.886   213.681         0         0   
    16.21     57.92   151.011         0     218.8     28.01   139.236   213.415         0         0   
    16.52     58.32   149.973         0     216.5     28.56   139.564   213.005         0         0   
    16.83     58.68   148.793         0     215.2     28.97    139.88   212.483         0         0   
    17.14     58.98   147.823         0     215.9     28.04   140.185    212.09         0         0   
    17.45     59.16   146.859         0     215.2     26.86    140.48   211.665         0         0   
    17.76     59.27   145.805         0     214.1     26.49   140.765   211.156         0         0   
    18.08     59.32   144.907         0     214.3     26.97   141.049   210.741         0         0   
    18.39     59.37    144.02         0     213.4     27.22   141.316   210.325         0         0   
     18.7     59.56    143.02         0       214     26.78   141.574    209.87         0         0   
    19.01     59.83   142.172         0     213.6     26.68   141.824   209.539         0         0   
    19.32     60.17   141.355         0     213.9     26.33   142.066   209.247         0         0   
    19.63     60.49   140.441         0     214.4     25.66   142.301   208.884         0         0   
    19.95     60.65   139.631         0     214.4     26.26   142.537   208.547         0         0   
    20.26     60.67   138.816         0     212.7     26.94   142.758    208.16         0         0   
    20.57     60.52   137.901         0     210.8     28.24   142.973   207.655         0         0   
    20.88     59.94   137.111         0     208.8     28.74   143.181   207.107         0         0   
    21.19     59.36   136.336         0     201.6     28.32   143.384   206.567         0         0   
     21.5     58.72   135.487         0     193.3     25.09   143.581   205.962         0         0   
    21.82     57.84   134.721         0     189.3     22.85   143.779   205.347         0         0   
    22.13     57.18   133.936         0     188.1     22.22   143.965   204.779         0         0   
    22.44      56.6   133.052         0       188     21.99   144.147   204.168         0         0   
    22.75     56.08   132.189         0     188.5     22.63   144.323   203.588         0         0   
    23.06     55.75   131.488         0     183.1     20.92   144.495   203.165         0         0   
    23.37     55.55   130.613         0     186.5     21.43   144.663   202.665         0         0   
    23.69     55.25   129.782         0       186     19.78   144.832   202.169         0         0   
       24     54.97   129.161         0     184.2      19.3   144.991   201.808         0         0   
    24.31      54.7   128.438         0     184.4     19.58   145.146   201.385         0         0   
    24.62     54.35   127.752         0     187.2      18.8   145.298   200.963         0         0   
    24.93     54.03   127.203         0     184.5      19.8   145.445   200.634         0         0   
    25.24     53.79    126.52         0     182.5     19.49    145.59   200.243         0         0   
    25.56     53.47   125.916         0     185.2        18   145.735   199.882         0         0   
    25.87     53.08   125.385         0     188.6     17.45   145.873   199.544         0         0   
    26.18      52.7   124.827         0     189.8     17.52   146.007   199.191         0         0   
    26.49     52.29   124.235         0     191.1     17.11   146.138   198.809         0         0   
     26.8     51.93   123.699         0     193.4     16.77   146.267   198.475         0         0   
    27.11     51.53   123.181         0     190.2        18   146.392    198.14         0         0   
    27.43     51.16   122.606         0     187.6     18.03   146.519   197.781         0         0   
    27.74     50.86   122.198         0     188.4     17.53   146.639    197.54         0         0   
    28.05     50.59   121.689         0     190.4     16.97   146.756   197.243         0         0   
    28.36     50.32   121.232         0     193.2     16.58   146.871   196.978         0         0   
    28.67     50.05   120.967         0     195.3     16.64   146.984   196.831         0         0   
    28.98      49.8   120.652         0     193.4      17.6   147.094   196.656         0         0   
     29.3     49.45   120.586         0     196.8     16.89   147.205    196.61         0         0   
    29.61     49.19   120.559         0     200.2     16.48   147.311   196.608         0         0   
    29.92     49.11   120.496         0     198.6      16.1   147.414   196.627         0         0   
    30.23     48.89   120.486         0     199.7     16.16   147.516   196.642         0         0   
    30.54     48.67   120.656         0     200.5     16.73   147.615   196.766         0         0   
    30.85     48.53   120.835         0     201.8     16.65   147.713   196.915         0         0   
    31.17     48.62   121.055         0     203.2     16.31   147.811   197.146         0         0   
