!# Results of ROTMAS saved at 14-Oct-2007 (21:22:01)
!# User velocity         : Vu=V200*SQRT(((LN(1+C*R*0.75/V200))-(C*R*0.75/V200)/(1+C*R*0.75/V200))/((0.75*R/V200)*(LN(1+C)-(C/(1+C)))))
!# Total velocity        : Vt=SQRT(MG*VG*ABS(VG)+MD*VD*ABS(VD)+MB*VB*ABS(VB)+VU**2)
!# Chi-square            : 501.482
!# Red. Chi-square (N=117,n=2) : 4.360711
!# Parameter name  :            C        V200          MB          MD          MG
!# Parameter value :     3.036100   190.886002     1.000000     1.000000     1.000000 
!# Parameter error :     2.924599   161.113968     0.000000     0.000000     0.000000 
!#
!# Radius |  vgas   |  vdisk  |  vbulge |  vobs   | err vobs|   Vu    |   Vt    |   Rxv   |   Vxy   |
!# kpc       km/s      km/s       km/s     km/s     km/s       km/s      km/s       kpc       km/s   
!#===================================================================================================
    2.432    -10.76   190.133   155.607     242.2     7.309   49.0107   250.301         0         0   
    2.537    -11.14    193.42   151.972     245.7     8.481   50.0168   250.768         0         0   
    2.643     -11.5   195.968   148.576     245.3     10.37   51.0092   250.894         0         0   
    2.749    -12.01   198.028   145.413     243.5     6.013   51.9794   250.834         0         0   
    2.855    -12.75   199.821   142.469     241.9     2.823   52.9288   250.728         0         0   
     2.96    -13.68   201.391   139.753     243.6     2.613   53.8497   250.603         0         0   
    3.066    -14.61   203.066   137.098     246.9     3.218   54.7607   250.633         0         0   
    3.278     -16.5   205.561   132.381     251.2     4.496   56.5301   250.407         0         0   
    3.383    -17.51   206.181   130.131       251     5.121   57.3821   249.862         0         0   
    3.489    -18.46    206.76   128.081     247.7     6.736   58.2268   249.407         0         0   
    3.595    -19.27    207.48    126.09     245.6     6.756   59.0567   249.124         0         0   
      3.7    -19.86   207.444   124.207     244.3     5.506   59.8649   248.294         0         0   
    3.806    -20.17   207.939   122.424     242.9     4.661   60.6672   247.992         0         0   
    3.912    -20.28   208.082   120.653     240.6     4.171   61.4565   247.429         0         0   
    4.018    -20.17    208.63   119.007     239.1     3.493   62.2332   247.296         0         0   
    4.123    -19.84   208.481   117.467     237.7     2.936   62.9907   246.652         0         0   
    4.229     -19.3    208.17   115.882     235.8     2.782   63.7439   245.874         0         0   
    4.335    -18.75    207.76   114.447     234.2     2.814   64.4859    245.09         0         0   
    4.441    -18.52   207.628   113.036     233.5     2.879   65.2171   244.534         0         0   
    4.546    -18.67   207.077    111.65     233.5     2.954    65.931   243.608         0         0   
    4.652    -18.88    206.31   110.395     233.3     3.324   66.6417    242.56         0         0   
    4.758    -18.93   205.751   109.098     232.2     3.565   67.3427   241.687         0         0   
    4.863    -18.69   205.263   107.859     231.7     3.438   68.0277   240.925         0         0   
    4.969    -18.03   205.122   106.742     231.6      3.21   68.7101   240.551         0         0   
    5.075    -16.85   204.817   105.552     231.8      3.22   69.3837   240.045         0         0   
    5.181    -15.02   204.776   104.471     232.6     3.444   70.0486   239.851         0         0   
    5.286    -13.07   204.982   103.412     233.6     3.762   70.6989   239.873         0         0   
    5.392    -11.18   205.369   102.338     234.7     4.488   71.3474   240.031         0         0   
    5.498    -9.262    205.48   101.376     235.7     3.701    71.988   239.991         0         0   
    5.604    -7.453    205.16   100.371     236.9     3.641   72.6209   239.548         0         0   
    5.709    -6.619    204.86   99.4035       238     5.056   73.2405     239.1         0         0   
    5.815    -6.661   204.664   98.5351     239.2     3.659   73.8587   238.762         0         0   
    5.921    -6.982   204.321   97.5981     239.8     3.749   74.4698   238.263         0         0   
    6.027    -8.842   203.762   96.7035     240.2     7.041    75.074   237.547         0         0   
    6.132    -10.18   203.248   95.9044     240.5     7.027   75.6658   236.916         0         0   
    6.238    -10.37   202.889   95.0454     241.3     4.195   76.2568   236.443         0         0   
    6.344    -10.12   202.862   94.2231     241.9     4.592   76.8413    236.29         0         0   
    6.449    -10.78   202.464   93.4771     242.7     5.013   77.4141    235.81         0         0   
    6.555    -12.48   202.198   92.6858     243.6     5.687   77.9864   235.374         0         0   
    6.661    -15.38   202.054   91.9846     244.7     6.298   78.5526   234.991         0         0   
    6.767    -18.67   202.091   91.2211       248     6.747    79.113   234.675         0         0   
    6.872    -19.58   202.467    90.495     251.9     7.296   79.6624    234.83         0         0   
    6.978    -18.44   202.372    89.837     257.1     7.188   80.2116   234.774         0         0   
    7.084    -15.42   202.254   89.1295     259.8     6.642   80.7553   234.807         0         0   
     7.19    -10.12   201.855   88.4481     259.6     6.333   81.2936    234.68         0         0   
    7.295    -1.779   201.701   87.8353     259.5     6.117   81.8217   234.712         0         0   
    7.401     9.454   201.482    87.177     259.1     5.801   82.3497   234.661         0         0   
    7.507     12.81   201.118   86.5416     258.5     5.358   82.8727   234.457         0         0   
    7.612     15.65    200.47   85.9635     258.1     4.985   83.3859   234.043         0         0   
    7.718      18.3   199.842   85.3489     257.9     5.055   83.8992   233.656         0         0   
    7.824      20.3   199.284   84.7547     257.1     5.159   84.4077   233.311         0         0   
     7.93     21.81   198.886   84.2024     255.6     5.211   84.9116   233.091         0         0   
    8.035     22.68   198.521   83.6316     253.6     5.281   85.4063   232.838         0         0   
    8.141     22.92   197.394   83.1105     251.4     5.622   85.9012   231.897         0         0   
    8.247     22.95    196.56   82.5516     249.5      5.99   86.3918   231.173         0         0   
    8.353     22.98   196.011   82.0102     248.2     6.026    86.878   230.699         0         0   
    8.458     23.14    195.66   81.5207     246.9     5.894   87.3555   230.423         0         0   
    8.564     23.57   194.915   80.9952     245.8     5.555   87.8334   229.831         0         0   
     8.67     24.26   194.024   80.4849     244.5      8.02   88.3072    229.15         0         0   
    8.775      24.8   193.307   80.0198     242.9     8.055   88.7726   228.618         0         0   
    8.881     25.05   192.705   79.5244     241.7     5.077   89.2385   228.145         0         0   
    8.987     25.29   191.876   79.0427     240.2     5.088   89.7006   227.486         0         0   
    9.093     25.56   191.034   78.5953     239.1     5.282   90.1588   226.833         0         0   
    9.198     25.86   190.249   78.1309     237.6     5.443    90.609   226.225         0         0   
    9.304     26.36   189.478   77.6762     236.2     5.645   91.0599    225.66         0         0   
     9.41      27.1   188.823   77.2489     234.6     5.444   91.5071   225.232         0         0   
    9.516     27.69   187.654    76.805     232.9         7   91.9507   224.354         0         0   
    9.621     28.15   186.999   76.4024     230.2     9.017   92.3867   223.906         0         0   
    9.727     28.49   186.125   75.9701     228.6      6.38   92.8235   223.253         0         0   
    9.833     28.77    185.47   75.5487     226.5     6.537   93.2568   222.781         0         0   
    9.938     28.87   184.619   75.1638     224.3     7.832   93.6827   222.134         0         0   
    10.04     28.92   183.794   74.7689     223.9     6.116   94.0934   221.496         0         0   
    10.15      29.2   183.343   74.3528     223.1     5.668   94.5329   221.206         0         0   
    10.26     29.61   182.767   73.9656     222.1     5.486    94.969   220.841         0         0   
    10.36     30.32   182.229    73.597     221.6     5.523   95.3624   220.538         0         0   
    10.47     31.33   181.227   73.2018     221.1     5.606   95.7921   219.908         0         0   
    10.57     32.46    180.58   72.8658     220.4      6.49   96.1798   219.597         0         0   
    10.68     33.86   180.009   72.4792     219.4     6.255   96.6032   219.397         0         0   
    10.78      35.1   179.549   72.1368       218     6.639   96.9853   219.271         0         0   
    10.89     36.14   178.889   71.7801     215.8     7.793   97.4026   218.968         0         0   
       11     36.81   178.117   71.4112     214.3     7.151   97.8168   218.514         0         0   
     11.1     37.08   177.597   71.1024     212.7     7.177   98.1907   218.203         0         0   
    11.21     37.53    176.88    70.742       211     7.372   98.5991   217.764         0         0   
    11.31      38.2   176.288   70.4212     209.5      7.54   98.9678   217.464         0         0   
    11.42     38.72   175.643   70.0923       208     7.525   99.3705   217.111         0         0   
    11.52     39.52   175.161   69.7786     207.1       7.3    99.734   216.931         0         0   
    11.63     40.85   174.655   69.4411     206.8     6.913   100.131   216.844         0         0   
    11.74     42.01   174.359   69.1244     205.4     6.599   100.526   216.909         0         0   
    11.84     42.62   173.982   68.8241     203.6     6.275   100.882   216.795         0         0   
    11.95     42.95   173.222   68.5012     202.2     7.529   101.271    216.33         0         0   
    12.05     43.35   172.568    68.225     201.3     7.448   101.622   215.964         0         0   
    12.16     43.79   172.161   67.9079     201.1      7.03   102.006   215.809         0         0   
    12.26     44.23   171.845   67.6266     200.7     9.807   102.353   215.723         0         0   
    12.37     44.73   170.823   67.3321     200.2     11.88   102.732   215.101         0         0   
    12.48     45.26   170.014   67.0277     200.3     11.78   103.108   214.656         0         0   
    12.58     45.51    169.34   66.7582     201.1     7.979   103.448   214.255         0         0   
    12.69     45.39   168.822   66.4732     200.3     13.21   103.819   213.912         0         0   
    12.79     45.06    168.18   66.2074     199.9     8.755   104.155   213.416         0         0   
     12.9     44.65    167.65   65.9332     198.5     10.01   104.521   213.007         0         0   
       13      44.4   167.086   65.6725     198.3     9.725   104.852   212.594         0         0   
    13.11     44.02   166.367   65.3915     198.6     9.753   105.214   212.042         0         0   
    13.22     43.77    165.78   65.1263     198.6     10.04   105.574   211.627         0         0   
    13.32     43.61   164.981   64.8753     198.8     9.768   105.899   211.054         0         0   
    13.43     43.57   164.643   64.6051     198.3     10.43   106.254   210.878         0         0   
    13.53     43.77   163.966   64.3729     198.5     12.17   106.575   210.482         0         0   
    13.64     44.11   163.425   64.1066     199.1     12.03   106.926   210.229         0         0   
    13.74     44.37   162.794   63.8702       199     13.79   107.243   209.883         0         0   
    13.85     44.53   162.218   63.6213     198.9     14.66   107.589   209.573         0         0   
    13.96     44.53   161.577   63.3649     198.3     15.34   107.934   209.177         0         0   
    14.06     44.54   161.322   63.1475     195.4     20.49   108.245   209.077         0         0   
    14.17     44.69   160.941   62.8955     197.6     14.26   108.585   208.916         0         0   
    14.27     44.85   160.477   62.6708     197.8      13.1   108.893   208.685         0         0   
    14.38     45.25   160.139   62.4376     196.4     15.51   109.229   208.618         0         0   
    14.48     45.76   159.661   62.2163     197.2     15.04   109.533   208.456         0         0   
    14.59     46.09   159.419   61.9776     197.4     12.26   109.865   208.447         0         0   
     14.7      46.4   159.408   61.7514     196.7     16.17   110.195   208.615         0         0   
     14.8     46.78    159.27   61.5375     196.8        15   110.493   208.689         0         0   
