!# Results of ROTMAS saved at 12-Oct-2007 (15:33:44)
!# User velocity         : Vu=V200*SQRT(((LN(1+C*R*0.75/V200))-(C*R*0.75/V200)/(1+C*R*0.75/V200))/((0.75*R/V200)*(LN(1+C)-(C/(1+C)))))
!# Total velocity        : Vt=SQRT(MG*VG*ABS(VG)+MD*VD*ABS(VD)+VU**2)
!# Chi-square            : 844.286
!# Red. Chi-square (N=100,n=1) : 8.528142
!# Parameter name  :            C        V200          MD          MG
!# Parameter value :     0.100000   403.226990     1.000000     1.000000 
!# Parameter error :     0.000000   123.231918     0.000000     0.000000 
!#
!# Radius |  vgas   |  vdisk  |  vbulge |  vobs   | err vobs|   Vu    |   Vt    |   Rxv   |   Vxy   |
!# kpc       km/s      km/s       km/s     km/s     km/s       km/s      km/s       kpc       km/s   
!#===================================================================================================
   0.3117     -5.11   83.0528         0     19.38     3.557   10.3481   83.5388         0         0   
   0.6233    -4.322   133.281         0     34.68     5.396   14.6327   134.012         0         0   
    0.935    -6.483   155.959         0     87.05     18.59   17.9211   156.851         0         0   
    1.247    -8.805   174.985         0     142.3     19.34   20.6955   175.984         0         0   
    1.558    -10.91   189.749         0     172.9     11.21   23.1318   190.842         0         0   
     1.87    -12.36   201.254         0       185     15.62   25.3414   202.466         0         0   
    2.182     -13.1   209.061         0     199.4     11.86   27.3729   210.438         0         0   
    2.493    -13.38   215.684         0       209      11.2   29.2575   217.248         0         0   
    2.805    -13.45   221.751         0     217.5     8.091   31.0331   223.508         0         0   
    3.117    -13.38    227.36         0     223.5     6.489   32.7123   229.311         0         0   
    3.428    -13.78   231.525         0     224.6     9.461   34.3041   233.647         0         0   
     3.74    -14.98   234.171         0     222.2     10.02   35.8298   236.422         0         0   
    4.051    -16.18   236.567         0     220.9     6.432   37.2884   238.941         0         0   
    4.363    -15.65   238.323         0     222.2     5.241   38.6962   240.936         0         0   
    4.675    -12.35   239.994         0     224.8     4.904   40.0543       243         0         0   
    4.986      -4.3   241.441         0     228.2     4.521   41.3636   244.921         0         0   
    5.298     10.81   243.748         0     231.1     3.992   42.6365   247.685         0         0   
     5.61     14.85   243.143         0       232     4.031   43.8722   247.515         0         0   
    5.921      17.5   243.114         0     232.8     4.045   45.0702   247.875         0         0   
    6.233     20.51   242.977         0     233.4     3.923   46.2406   248.187         0         0   
    6.545     23.87   240.634         0     233.4     4.238    47.382   246.413         0         0   
    6.856     26.16   238.081         0     232.7     6.663   48.4927   244.374         0         0   
    7.168      26.8    235.38         0     231.1     9.984   49.5819   242.034         0         0   
     7.48     26.85   231.913         0     231.1     10.39   50.6476   238.893         0         0   
    7.791     27.06   229.462         0       231     8.394   51.6878   236.763         0         0   
    8.103     27.44   227.155         0     230.3      8.13   52.7105   234.799         0         0   
    8.415     27.85   224.012         0     230.1     7.019   53.7136   232.039         0         0   
    8.726     28.35    221.68         0     229.8     7.029   54.6951   230.081         0         0   
    9.038     29.36   219.579         0     230.2     6.995   55.6622   228.419         0         0   
     9.35     30.77   216.966         0     231.2     7.601   56.6126   226.332         0         0   
    9.661     32.77   215.125         0     231.4     8.102   57.5442   225.087         0         0   
    9.973     35.17    213.48         0     231.1     8.293   58.4637   224.117         0         0   
    10.28     37.29   210.972         0     230.1     8.933   59.3545   222.312         0         0   
     10.6      39.1   209.179         0     229.4     10.01   60.2689   221.172         0         0   
    10.91     40.43    207.37         0       228     12.56   61.1415   219.944         0         0   
    11.22     41.46   204.968         0     227.8     12.06   62.0016   218.117         0         0   
    11.53     42.47   203.297         0     227.8     10.66   62.8499   216.987         0         0   
    11.84     43.49    201.54         0     227.6     9.462   63.6868   215.791         0         0   
    12.15     44.75   199.324         0     226.8     9.481   64.5126    214.23         0         0   
    12.47     46.02   197.699         0     224.9     11.83   65.3541   213.246         0         0   
    12.78     47.19   195.981         0     224.8      11.8   66.1589   212.161         0         0   
    13.09     48.33   194.012         0     222.5      13.7   66.9539   210.854         0         0   
     13.4      49.4    192.49         0     218.6     16.71   67.7395   209.956         0         0   
    13.71     50.56   190.906         0     212.3     22.69   68.5159   209.036         0         0   
    14.02     52.13   189.123         0     209.3     26.13   69.2836   208.051         0         0   
    14.34     53.89   187.754         0     209.2     28.52    70.067   207.521         0         0   
    14.65     55.18   186.312         0     206.6      31.8   70.8176   206.814         0         0   
    14.96     55.86   184.604         0     210.7     30.27   71.5602   205.718         0         0   
    15.27     56.13   183.268         0     213.4     30.67   72.2951   204.852         0         0   
    15.58     56.62   181.879         0     214.9     30.14   73.0224   204.005         0         0   
    15.89     57.27   180.338         0     217.5     28.74   73.7425   203.075         0         0   
    16.21     57.92   179.217         0     218.8     28.01   74.4784   202.535         0         0   
    16.52     58.32   177.985         0     216.5     28.56   75.1843   201.823         0         0   
    16.83     58.68   176.585         0     215.2     28.97   75.8835   200.957         0         0   
    17.14     58.98   175.434         0     215.9     28.04   76.5762   200.299         0         0   
    17.45     59.16   174.289         0     215.2     26.86   77.2627   199.615         0         0   
    17.76     59.27   173.039         0     214.1     26.49    77.943   198.823         0         0   
    18.08     59.32   171.973         0     214.3     26.97   78.6389   198.186         0         0   
    18.39     59.37    170.92         0     213.4     27.22   79.3072   197.555         0         0   
     18.7     59.56   169.734         0       214     26.78   79.9697   196.856         0         0   
    19.01     59.83   168.727         0     213.6     26.68   80.6268   196.339         0         0   
    19.32     60.17   167.757         0     213.9     26.33   81.2784    195.88         0         0   
    19.63     60.49   166.673         0     214.4     25.66   81.9248   195.322         0         0   
    19.95     60.65   165.711         0     214.4     26.26   82.5865   194.831         0         0   
    20.26     60.67   164.744         0     212.7     26.94   83.2225   194.287         0         0   
    20.57     60.52   163.658         0     210.8     28.24   83.8536   193.592         0         0   
    20.88     59.94   162.721         0     208.8     28.74   84.4799   192.893         0         0   
    21.19     59.36   161.801         0     201.6     28.32   85.1014   192.212         0         0   
     21.5     58.72   160.794         0     193.3     25.09   85.7184   191.443         0         0   
    21.82     57.84   159.884         0     189.3     22.85   86.3505   190.695         0         0   
    22.13     57.18   158.953         0     188.1     22.22   86.9584   189.993         0         0   
    22.44      56.6   157.904         0       188     21.99    87.562    189.22         0         0   
    22.75     56.08   156.879         0     188.5     22.63   88.1614    188.49         0         0   
    23.06     55.75   156.048         0     183.1     20.92   88.7566   187.981         0         0   
    23.37     55.55   155.009         0     186.5     21.43   89.3478   187.341         0         0   
    23.69     55.25   154.023         0       186     19.78   89.9538   186.728         0         0   
       24     54.97   153.286         0     184.2      19.3    90.537    186.32         0         0   
    24.31      54.7   152.428         0     184.4     19.58   91.1164   185.819         0         0   
    24.62     54.35   151.614         0     187.2      18.8    91.692   185.333         0         0   
    24.93     54.03   150.962         0     184.5      19.8   92.2639    184.99         0         0   
    25.24     53.79   150.152         0     182.5     19.49   92.8322   184.545         0         0   
    25.56     53.47   149.435         0     185.2        18   93.4151   184.164         0         0   
    25.87     53.08   148.805         0     188.6     17.45   93.9763   183.826         0         0   
    26.18      52.7   148.142         0     189.8     17.52   94.5341   183.467         0         0   
    26.49     52.29    147.44         0     191.1     17.11   95.0885    183.07         0         0   
     26.8     51.93   146.804         0     193.4     16.77   95.6396   182.743         0         0   
    27.11     51.53   146.189         0     190.2        18   96.1875   182.424         0         0   
    27.43     51.16   145.506         0     187.6     18.03   96.7497   182.071         0         0   
    27.74     50.86   145.022         0     188.4     17.53   97.2911   181.889         0         0   
    28.05     50.59   144.418         0     190.4     16.97   97.8295   181.622         0         0   
    28.36     50.32   143.876         0     193.2     16.58   98.3648   181.406         0         0   
    28.67     50.05   143.562         0     195.3     16.64   98.8972   181.372         0         0   
    28.98      49.8   143.188         0     193.4      17.6   99.4266   181.297         0         0   
     29.3     49.45   143.109         0     196.8     16.89   99.9701   181.437         0         0   
    29.61     49.19   143.077         0     200.2     16.48   100.494   181.631         0         0   
    29.92     49.11   143.003         0     198.6      16.1   101.015   181.839         0         0   
    30.23     48.89   142.991         0     199.7     16.16   101.533   182.059         0         0   
    30.54     48.67   143.192         0     200.5     16.73   102.048   182.446         0         0   
    30.85     48.53   143.405         0     201.8     16.65   102.561   182.863         0         0   
    31.17     48.62   143.666         0     203.2     16.31   103.087   183.387         0         0   
