!# Results of ROTMAS saved at 12-May-2008 (12:14:52)
!# User velocity         : Vu=V200*SQRT(((LN(1+C*R*0.75/V200))-(C*R*0.75/V200)/(1+C*R*0.75/V200))/((0.75*R/V200)*(LN(1+C)-(C/(1+C)))))
!# Total velocity        : Vt=SQRT(MG*VG*ABS(VG)+MD*VD*ABS(VD)+MB*VB*ABS(VB)+VU**2)
!# Chi-square            : 415.728
!# Red. Chi-square (N=117,n=2) : 3.615023
!# Parameter name  :            C        V200          MB          MD          MG
!# Parameter value :    26.418699    94.600197     0.710000     0.710000     1.000000 
!# Parameter error :     2.500832     3.899493     0.000000     0.000000     0.000000 
!#
!# Radius |  vgas   |  vdisk  |  vbulge |  vobs   | err vobs|   Vu    |   Vt    |   Rxv   |   Vxy   |
!# kpc       km/s      km/s       km/s     km/s     km/s       km/s      km/s       kpc       km/s   
!#===================================================================================================
    2.432    -10.76   160.209   131.117     242.2     7.309   121.136   239.618         0         0   
    2.537    -11.14   162.979   128.054     245.7     8.481   122.495   240.501         0         0   
    2.643     -11.5   165.126   125.192     245.3     10.37    123.79   241.104         0         0   
    2.749    -12.01   166.861   122.527     243.5     6.013   125.015   241.537         0         0   
    2.855    -12.75   168.372   120.047     241.9     2.823   126.174   241.904         0         0   
     2.96    -13.68   169.695   117.758     243.6     2.613   127.261   242.222         0         0   
    3.066    -14.61   171.106   115.521     246.9     3.218   128.302   242.632         0         0   
    3.278     -16.5   173.209   111.546     251.2     4.496   130.225   243.167         0         0   
    3.383    -17.51   173.731    109.65       251     5.121   131.106    243.08         0         0   
    3.489    -18.46   174.219   107.923     247.7     6.736   131.951   243.043         0         0   
    3.595    -19.27   174.826   106.245     245.6     6.756   132.755   243.114         0         0   
      3.7    -19.86   174.795   104.659     244.3     5.506   133.511   242.771         0         0   
    3.806    -20.17   175.213   103.156     242.9     4.661   134.239   242.804         0         0   
    3.912    -20.28   175.333   101.664     240.6     4.171    134.93   242.636         0         0   
    4.018    -20.17   175.795   100.277     239.1     3.493   135.589   242.769         0         0   
    4.123    -19.84   175.669   98.9795     237.7     2.936    136.21   242.521         0         0   
    4.229     -19.3   175.407   97.6439     235.8     2.782   136.808   242.169         0         0   
    4.335    -18.75   175.062   96.4348     234.2     2.814   137.378     241.8         0         0   
    4.441    -18.52    174.95   95.2458     233.5     2.879    137.92   241.575         0         0   
    4.546    -18.67   174.486    94.078     233.5     2.954   138.433   241.062         0         0   
    4.652    -18.88    173.84   93.0205     233.3     3.324   138.926   240.452         0         0   
    4.758    -18.93   173.369   91.9276     232.2     3.565   139.396   239.959         0         0   
    4.863    -18.69   172.958   90.8836     231.7     3.438    139.84   239.542         0         0   
    4.969    -18.03   172.839   89.9424     231.6      3.21   140.268   239.401         0         0   
    5.075    -16.85   172.582   88.9397     231.8      3.22   140.676   239.166         0         0   
    5.181    -15.02   172.547   88.0288     232.6     3.444   141.064   239.155         0         0   
    5.286    -13.07   172.721   87.1365     233.6     3.762   141.432   239.285         0         0   
    5.392    -11.18   173.047   86.2315     234.7     4.488   141.785   239.498         0         0   
    5.498    -9.262   173.141   85.4209     235.7     3.701   142.123   239.557         0         0   
    5.604    -7.453   172.871   84.5741     236.9     3.641   142.444   239.315         0         0   
    5.709    -6.619   172.618   83.7589       238     5.056   142.747   239.051         0         0   
    5.815    -6.661   172.453   83.0272     239.2     3.659    143.04    238.85         0         0   
    5.921    -6.982   172.164   82.2376     239.8     3.749   143.318   238.526         0         0   
    6.027    -8.842   171.693   81.4838     240.2     7.041   143.583   238.025         0         0   
    6.132    -10.18    171.26   80.8105     240.5     7.027   143.833    237.58         0         0   
    6.238    -10.37   170.957   80.0867     241.3     4.195   144.073   237.255         0         0   
    6.344    -10.12   170.935   79.3938     241.9     4.592   144.302   237.155         0         0   
    6.449    -10.78   170.599   78.7652     242.7     5.013   144.517   236.806         0         0   
    6.555    -12.48   170.375   78.0984     243.6     5.687   144.724   236.466         0         0   
    6.661    -15.38   170.254   77.5076     244.7     6.298   144.921   236.134         0         0   
    6.767    -18.67   170.285   76.8643       248     6.747   145.107   235.823         0         0   
    6.872    -19.58   170.602   76.2524     251.9     7.296   145.283   235.888         0         0   
    6.978    -18.44   170.522    75.698     257.1     7.188   145.451   235.847         0         0   
    7.084    -15.42   170.422   75.1019     259.8     6.642    145.61     235.9         0         0   
     7.19    -10.12   170.086   74.5277     259.6     6.333   145.761   235.855         0         0   
    7.295    -1.779   169.956   74.0113     259.5     6.117   145.903   235.897         0         0   
    7.401     9.454   169.772   73.4566     259.1     5.801   146.038    235.87         0         0   
    7.507     12.81   169.465   72.9212     258.5     5.358   146.166   235.721         0         0   
    7.612     15.65   168.919   72.4341     258.1     4.985   146.285   235.424         0         0   
    7.718      18.3    168.39   71.9163     257.9     5.055   146.398   235.148         0         0   
    7.824      20.3    167.92   71.4156     257.1     5.159   146.505   234.889         0         0   
     7.93     21.81   167.584   70.9502     255.6     5.211   146.605   234.707         0         0   
    8.035     22.68   167.277   70.4692     253.6     5.281   146.698   234.483         0         0   
    8.141     22.92   166.327   70.0301     251.4     5.622   146.787   233.753         0         0   
    8.247     22.95   165.624   69.5592     249.5      5.99   146.869   233.167         0         0   
    8.353     22.98   165.162    69.103     248.2     6.026   146.945   232.755         0         0   
    8.458     23.14   164.866   68.6906     246.9     5.894   147.016   232.483         0         0   
    8.564     23.57   164.238   68.2478     245.8     5.555   147.082   231.993         0         0   
     8.67     24.26   163.488   67.8178     244.5      8.02   147.143   231.446         0         0   
    8.775      24.8   162.883   67.4259     242.9     8.055   147.199   230.997         0         0   
    8.881     25.05   162.376   67.0084     241.7     5.077   147.251   230.578         0         0   
    8.987     25.29   161.678   66.6026     240.2     5.088   147.298   230.026         0         0   
    9.093     25.56   160.968   66.2256     239.1     5.282    147.34   229.476         0         0   
    9.198     25.86   160.307   65.8343     237.6     5.443   147.379   228.958         0         0   
    9.304     26.36   159.657   65.4511     236.2     5.645   147.413   228.472         0         0   
     9.41      27.1   159.105   65.0911     234.6     5.444   147.443    228.09         0         0   
    9.516     27.69    158.12    64.717     232.9         7    147.47   227.386         0         0   
    9.621     28.15   157.568   64.3778     230.2     9.017   147.493   226.978         0         0   
    9.727     28.49   156.832   64.0135     228.6      6.38   147.512   226.419         0         0   
    9.833     28.77    156.28   63.6585     226.5     6.537   147.528   225.983         0         0   
    9.938     28.87   155.563   63.3341     224.3     7.832   147.541   225.417         0         0   
    10.04     28.92   154.868   63.0014     223.9     6.116    147.55   224.857         0         0   
    10.15      29.2   154.488   62.6508     223.1     5.668   147.557   224.538         0         0   
    10.26     29.61   154.002   62.3245     222.1     5.486    147.56   224.169         0         0   
    10.36     30.32   153.549   62.0139     221.6     5.523   147.561   223.867         0         0   
    10.47     31.33   152.705   61.6809     221.1     5.606   147.558   223.334         0         0   
    10.57     32.46   152.159   61.3978     220.4      6.49   147.553   223.042         0         0   
    10.68     33.86   151.678   61.0721     219.4     6.255   147.545   222.828         0         0   
    10.78      35.1   151.291   60.7835       218     6.639   147.536   222.671         0         0   
    10.89     36.14   150.735    60.483     215.8     7.793   147.523   222.369         0         0   
       11     36.81   150.084   60.1721     214.3     7.151   147.507   221.944         0         0   
     11.1     37.08   149.646   59.9119     212.7     7.177    147.49   221.611         0         0   
    11.21     37.53   149.042   59.6083       211     7.372    147.47   221.184         0         0   
    11.31      38.2   148.543    59.338     209.5      7.54   147.449   220.877         0         0   
    11.42     38.72   147.999   59.0608       208     7.525   147.424   220.511         0         0   
    11.52     39.52   147.593   58.7965     207.1       7.3     147.4   220.294         0         0   
    11.63     40.85   147.167   58.5121     206.8     6.913    147.37   220.156         0         0   
    11.74     42.01   146.917   58.2453     205.4     6.599   147.339   220.116         0         0   
    11.84     42.62     146.6   57.9922     203.6     6.275   147.309   219.934         0         0   
    11.95     42.95   145.959   57.7201     202.2     7.529   147.274   219.477         0         0   
    12.05     43.35   145.408   57.4874     201.3     7.448   147.241   219.106         0         0   
    12.16     43.79   145.065   57.2202     201.1      7.03   147.202    218.87         0         0   
    12.26     44.23   144.799   56.9832     200.7     9.807   147.166   218.696         0         0   
    12.37     44.73   143.938    56.735     200.2     11.88   147.124   218.136         0         0   
    12.48     45.26   143.256   56.4785     200.3     11.78   147.081     217.7         0         0   
    12.58     45.51   142.688   56.2515     201.1     7.979    147.04   217.293         0         0   
    12.69     45.39   142.252   56.0113     200.3     13.21   146.993   216.887         0         0   
    12.79     45.06   141.711   55.7873     199.9     8.755    146.95   216.377         0         0   
     12.9     44.65   141.264   55.5563     198.5     10.01     146.9   215.906         0         0   
       13      44.4   140.789   55.3366     198.3     9.725   146.854   215.456         0         0   
    13.11     44.02   140.183   55.0999     198.6     9.753   146.802   214.886         0         0   
    13.22     43.77   139.689   54.8764     198.6     10.04   146.749   214.419         0         0   
    13.32     43.61   139.015   54.6649     198.8     9.768   146.699    213.86         0         0   
    13.43     43.57   138.731   54.4372     198.3     10.43   146.644    213.57         0         0   
    13.53     43.77    138.16   54.2416     198.5     12.17   146.592   213.156         0         0   
    13.64     44.11   137.704   54.0172     199.1     12.03   146.534   212.834         0         0   
    13.74     44.37   137.173    53.818       199     13.79    146.48   212.457         0         0   
    13.85     44.53   136.687   53.6083     198.9     14.66    146.42   212.082         0         0   
    13.96     44.53   136.147   53.3922     198.3     15.34   146.358   211.638         0         0   
    14.06     44.54   135.932    53.209     195.4     20.49   146.302   211.416         0         0   
    14.17     44.69   135.611   52.9967     197.6     14.26   146.239   211.144         0         0   
    14.27     44.85    135.22   52.8074     197.8      13.1    146.18    210.84         0         0   
    14.38     45.25   134.936   52.6109     196.4     15.51   146.115   210.648         0         0   
    14.48     45.76   134.533   52.4244     197.2     15.04   146.055   210.413         0         0   
    14.59     46.09   134.329   52.2233     197.4     12.26   145.988   210.258         0         0   
     14.7      46.4    134.32   52.0327     196.7     16.17   145.921   210.226         0         0   
     14.8     46.78   134.203   51.8524     196.8        15   145.858   210.148         0         0   
