!# Results of ROTMAS saved at 12-Oct-2007 (14:07:30)
!# User velocity         : Vu=V200*SQRT(((LN(1+C*R*0.75/V200))-(C*R*0.75/V200)/(1+C*R*0.75/V200))/((0.75*R/V200)*(LN(1+C)-(C/(1+C)))))
!# Total velocity        : Vt=SQRT(MG*VG*ABS(VG)+MD*VD*ABS(VD)+VU**2)
!# Chi-square            : 62.6154
!# Red. Chi-square (N=123,n=3) : 0.521795
!# Parameter name  :            C        V200          MD          MG
!# Parameter value :     6.500910   128.016006     0.795965     1.000000 
!# Parameter error :     0.419201     3.317170     0.027034     0.000000 
!#
!# Radius |  vgas   |  vdisk  |  vbulge |  vobs   | err vobs|   Vu    |   Vt    |   Rxv   |   Vxy   |
!# kpc       km/s      km/s       km/s     km/s     km/s       km/s      km/s       kpc       km/s   
!#===================================================================================================
   0.2095   -0.9921   17.4573         0      17.2     5.698   19.1371   25.8844         0         0   
    0.419    -2.426   32.0273         0     37.45     6.548   26.9219   41.7691         0         0   
   0.6285    -3.697   43.8506         0     57.01      5.03   32.8007    54.636         0         0   
   0.8381    -4.277   53.0432         0     70.58     4.519   37.6812   64.9243         0         0   
    1.048    -5.684   60.0322         0     77.05     2.833   41.9196   72.9986         0         0   
    1.257    -7.711   66.5327         0     79.73     2.831    45.676   80.3333         0         0   
    1.467    -8.554   72.4819         0     84.06     2.885   49.0936   87.1243         0         0   
    1.676    -7.516   77.9629         0     90.57     3.713   52.2109   93.5292         0         0   
    1.886      -6.2   83.3987         0     98.39     4.628    55.108   99.7687         0         0   
    2.095    -4.597   88.6534         0     104.7      5.61   57.7937   105.728         0         0   
    2.305    -1.374    92.459         0     109.2     5.778   60.3216   110.388         0         0   
    2.514     5.588   95.5111         0       113     4.854   62.6894   114.383         0         0   
    2.724     6.947   98.1198         0     115.6     4.194    64.937   117.867         0         0   
    2.933     9.284   100.207         0     118.8      3.58   67.0574   120.931         0         0   
    3.143     10.98   101.947         0     122.4     3.084   69.0825   123.637         0         0   
    3.352      13.2   103.203         0     125.1     3.405    71.003   125.962         0         0   
    3.562     15.04   104.049         0     125.9       4.2   72.8458   127.902         0         0   
    3.771     15.66   104.339         0     125.8     3.966   74.6004   129.217         0         0   
    3.981     16.17   104.311         0     126.5     2.969   76.2901    130.24         0         0   
     4.19      16.9   103.856         0     127.4     2.821   77.9041   130.922         0         0   
      4.4     17.53   103.168         0     129.2     2.837   79.4629   131.397         0         0   
    4.609     18.49   102.112         0     130.9     2.842   80.9558   131.616         0         0   
    4.819     19.86   100.934         0     132.4     3.002   82.4011   131.803         0         0   
    5.028     21.56   99.8185         0     133.7     3.244   83.7883   132.095         0         0   
    5.238     22.64   98.4651         0     134.6     3.211   85.1339    132.12         0         0   
    5.447     23.37   97.3508         0     135.5     2.677   86.4278   132.261         0         0   
    5.657     24.15   96.0464         0     136.6     2.759   87.6851   132.276         0         0   
    5.866     25.46   94.9383         0     136.9     3.343    88.896   132.529         0         0   
    6.076     26.93   94.0944         0     136.8     3.336   90.0743   133.013         0         0   
    6.285     28.69   93.3521         0     135.9     3.297   91.2108   133.631         0         0   
    6.495     29.61   92.7186         0     135.1     3.707   92.3181    134.15         0         0   
    6.704     30.49   92.0049         0     134.7     4.276   93.3873   134.595         0         0   
    6.914     31.44   91.4821         0       135      5.43   94.4302   135.183         0         0   
    7.123     32.16   90.8567         0     136.6     5.807   95.4384   135.638         0         0   
    7.333     32.74   90.1545         0     138.5     5.631   96.4228   136.004         0         0   
    7.543     33.23   89.4123         0     139.9     5.388   97.3797   136.314         0         0   
    7.752      33.3   88.8271         0     139.6     5.633    98.306   136.613         0         0   
    7.962     33.01   88.2556         0     139.3     5.377   99.2117   136.827         0         0   
    8.171     32.28   87.7956         0     139.3     5.065   100.089   136.996         0         0   
    8.381     31.45   87.4829         0     138.9     4.588   100.948   137.233         0         0   
     8.59     30.87   87.1281         0     138.5      4.81    101.78    137.49         0         0   
      8.8     30.37   86.5011         0     138.8     4.657   102.595   137.588         0         0   
    9.009     30.12   85.7952         0     138.9     4.265   103.385   137.683         0         0   
    9.219     29.69   85.2356         0     139.3      4.62    104.16   137.826         0         0   
    9.428     29.37   84.8138         0     140.5       4.2   104.912   138.067         0         0   
    9.638     29.37   84.1132         0     141.4     3.974   105.649     138.2         0         0   
    9.847     29.21   83.4784         0       142     3.853   106.365    138.33         0         0   
    10.06     29.01    82.842         0     142.3     3.781   107.077   138.455         0         0   
    10.27     29.26   82.1437         0     142.4     3.725   107.762   138.623         0         0   
    10.48     29.63   81.4471         0     141.9     3.537   108.432   138.813         0         0   
    10.69     29.79    80.808         0     140.9     3.621   109.085   138.986         0         0   
    10.89     29.66    80.244         0     140.6      3.49   109.694    139.11         0         0   
     11.1     29.67   79.6918         0     140.4     3.411   110.319   139.289         0         0   
    11.31     30.06    78.991         0     140.3      3.41    110.93   139.458         0         0   
    11.52      30.5   78.3473         0     140.5     3.498   111.527   139.667         0         0   
    11.73     30.81   77.6392         0     140.4     3.501   112.111   139.807         0         0   
    11.94     31.54   77.1081         0     139.9     3.484   112.682   140.135         0         0   
    12.15     32.79   76.5127         0     139.7      3.61   113.241   140.545         0         0   
    12.36     33.79   75.9837         0     139.5     3.656   113.788   140.936         0         0   
    12.57     34.91   75.3777         0     139.7     3.657   114.323   141.316         0         0   
    12.78     36.85   74.8276         0     139.6     3.631   114.846   141.939         0         0   
    12.99     38.45   74.2591         0     139.6       3.7   115.359    142.48         0         0   
     13.2     39.21   73.6618         0     139.4     3.843    115.86   142.783         0         0   
    13.41     39.55   73.1548         0     139.4     3.799   116.352   143.016         0         0   
    13.62     39.47   72.5922         0     139.5     3.896   116.833   143.099         0         0   
    13.83      39.3   72.0499         0     139.6      4.59   117.304   143.164         0         0   
    14.04     39.22   71.5381         0     139.6     5.185   117.765   143.264         0         0   
    14.25     39.28   70.9698         0     139.7     5.734   118.218    143.37         0         0   
    14.46     39.51   70.5107         0     139.6     5.857   118.661   143.573         0         0   
    14.67     40.04   69.9611         0     139.3     6.046   119.095    143.81         0         0   
    14.88     41.16   69.4785         0     139.7      5.87    119.52   144.245         0         0   
    15.09     42.37   69.0004         0     139.9     5.598   119.937   144.711         0         0   
    15.29     43.23   68.4956         0     139.8     5.794   120.327   145.048         0         0   
     15.5     44.11   68.0635         0     139.7     6.102   120.728   145.443         0         0   
    15.71     45.19    67.537         0     139.8     6.116   121.121   145.855         0         0   
    15.92     45.93   67.1026         0       140     6.199   121.507   146.206         0         0   
    16.13     46.62   66.6489         0     140.2     6.507   121.885   146.532         0         0   
    16.34     47.23   66.1672         0     140.6     6.624   122.256   146.818         0         0   
    16.55     47.76   65.7593         0     141.2     6.268    122.62   147.109         0         0   
    16.76     48.04   65.2716         0     141.3     6.081   122.977   147.281         0         0   
    16.97      48.7   64.8774         0     141.7     6.252   123.327   147.616         0         0   
    17.18     49.82   64.4477         0     142.4     6.328   123.671   148.088         0         0   
    17.39     50.67   64.0202         0     143.2     6.183   124.008   148.472         0         0   
     17.6     51.38   63.6196         0     144.2     6.207   124.339    148.82         0         0   
    17.81     51.94   63.1867         0     145.2     6.192   124.664   149.102         0         0   
    18.02     52.52   62.8231         0       146     6.007   124.982   149.418         0         0   
    18.23     53.29   62.4111         0     146.6     5.847   125.295   149.779         0         0   
    18.44     54.09   62.0312         0     147.7     5.953   125.602   150.165         0         0   
    18.65     54.69   61.6541         0     148.9     5.721   125.903   150.479         0         0   
    18.86     55.11   61.2609         0     149.8     5.415   126.199   150.719         0         0   
    19.07     55.53   60.9225         0       151     5.543    126.49   150.979         0         0   
    19.28     55.78   60.5324         0     152.6      5.37   126.775   151.154         0         0   
    19.48     55.92   60.2093         0     153.6     7.742   127.042     151.3         0         0   
    19.69     55.95   59.8586         0     154.1     4.742   127.317   151.403         0         0   
     19.9     56.27   59.5029         0     154.1     4.367   127.587   151.609         0         0   
    20.11     56.55   59.1805         0     153.5     4.278   127.852   151.811         0         0   
    20.32     56.46   58.8175         0     153.6     4.034   128.113   151.856         0         0   
    20.53     56.18   58.5121         0       153     3.614   128.369    151.85         0         0   
    20.74     55.89   58.1839         0     152.2       3.1    128.62    151.83         0         0   
    20.95     55.45   57.8609         0     150.2     8.876   128.867   151.754         0         0   
    21.16     55.17   57.5508         0     150.6     3.036    129.11   151.741         0         0   
    21.37     54.83   57.2149         0     150.3     3.141   129.348   151.693         0         0   
    21.58     54.55   56.9445         0     150.4     3.088   129.583    151.69         0         0   
    21.79     54.35   56.6345         0     150.8     3.119   129.813   151.699         0         0   
       22     54.19   56.3405         0     150.7     3.418   130.039   151.726         0         0   
    22.21      54.1   56.0494         0     150.7     6.765   130.261   151.777         0         0   
    22.42     53.85    55.757         0       152     3.312   130.479   151.767         0         0   
    22.63     53.52   55.4914         0     151.9     3.303   130.693   151.738         0         0   
    22.84     53.13   55.1975         0     150.4     3.202   130.904   151.675         0         0   
    23.05     52.67   54.9336         0     149.5      3.04   131.111   151.598         0         0   
    23.26     52.36   54.6606         0     150.2      3.03   131.314   151.568         0         0   
    23.47     52.18   54.3927         0     150.3     2.974   131.514   151.583         0         0   
    23.68     51.94   54.1383         0     150.4     2.679    131.71    151.58         0         0   
    23.88     51.64   53.8794         0     150.1     7.398   131.894   151.545         0         0   
    24.09     51.22   53.6402         0     151.4     2.243   132.084   151.483         0         0   
     24.3     50.82   53.3843         0     152.9     2.171   132.271    151.42         0         0   
    24.51     50.63   53.1365         0     153.7     2.488   132.454    151.43         0         0   
    24.72     50.37   52.8954         0     153.5     2.816   132.635   151.417         0         0   
    24.93     49.99   52.6428         0     153.5     3.287   132.812   151.358         0         0   
    25.14     49.68    52.427         0     154.3     3.577   132.986   151.334         0         0   
    25.35     49.71    52.187         0     156.2     6.314   133.157   151.411         0         0   
    25.56     49.58   51.9607         0       157     5.655   133.325   151.439         0         0   
    25.77     49.46   51.7315         0     159.2     3.297   133.491   151.467         0         0   
