!# Results of ROTMAS saved at 13-Oct-2007 (14:53:37)
!# User velocity         : Vu=V200*SQRT(((LN(1+C*R*0.75/V200))-(C*R*0.75/V200)/(1+C*R*0.75/V200))/((0.75*R/V200)*(LN(1+C)-(C/(1+C)))))
!# Total velocity        : Vt=SQRT(MG*VG*ABS(VG)+MD*VD*ABS(VD)+MB*VB*ABS(VB)+VU**2)
!# Chi-square            : 111.952
!# Red. Chi-square (N=82,n=4) : 1.435284
!# Parameter name  :            C        V200          MB          MD          MG
!# Parameter value :    72.308296    43.362400     0.309239     0.673186     1.000000 
!# Parameter error :    54.876869     4.642075     0.077213     0.183118     0.000000 
!#
!# Radius |  vgas   |  vdisk  |  vbulge |  vobs   | err vobs|   Vu    |   Vt    |   Rxv   |   Vxy   |
!# kpc       km/s      km/s       km/s     km/s     km/s       km/s      km/s       kpc       km/s   
!#===================================================================================================
   0.4524    -6.105   46.7814   157.954     197.7     11.41   79.5153    182.82         0         0   
   0.5655     -7.41   56.5747   168.827     194.1     10.63   83.7198   196.615         0         0   
   0.6786    -8.997   64.8387   166.206     194.1     6.568   86.7474   198.173         0         0   
   0.7917    -9.464   72.0546   159.614     191.3     5.302   88.9633   196.197         0         0   
   0.9049    -5.581   80.6647   151.435     188.9      3.41   90.5985   193.949         0         0   
    1.018     8.815   87.8364   143.248       194      3.84   91.8027   191.679         0         0   
    1.131     13.27   93.1949   135.394     197.9     4.074   92.6821   189.164         0         0   
    1.244     15.61    97.459   128.234     198.3     4.775    93.313   186.797         0         0   
    1.357     16.49   101.762   121.832     197.3     6.741     93.75   185.093         0         0   
     1.47     16.33   105.625   116.151     194.2     8.003   94.0342    183.73         0         0   
    1.583     16.08   108.294    111.16     188.6     8.223   94.1967   182.252         0         0   
    1.697     15.94   109.747   106.741     184.4     7.972   94.2615   180.492         0         0   
     1.81     15.85   110.044   102.828       180      8.34   94.2465   178.373         0         0   
    1.923     16.11   110.587   99.3115     173.1     7.652   94.1675    176.69         0         0   
    2.036     16.49   111.124   96.1684       167     4.669   94.0362   175.247         0         0   
    2.149     16.71   111.593    93.299     162.4     3.725   93.8623   173.916         0         0   
    2.262     16.73   111.405    90.702     158.1     3.629   93.6533   172.304         0         0   
    2.375     16.55   111.437   88.3309     159.7     4.585   93.4156   170.941         0         0   
    2.488     16.29   112.077   86.1349     161.7     7.081   93.1544    170.07         0         0   
    2.601     16.36   112.741   84.1146     164.4     9.339    92.874   169.349         0         0   
    2.715     16.82   113.284   82.2266     166.1     9.435   92.5753   168.664         0         0   
    2.828     17.19   113.664   80.4655     167.4     8.113   92.2665   167.937         0         0   
    2.941     17.09   114.052   78.8267     169.9     7.418   91.9476   167.236         0         0   
    3.054     17.09   114.669    77.288     172.1     6.039   91.6205   166.759         0         0   
    3.167     17.67   115.003   75.8316     173.3     5.774   91.2872   166.198         0         0   
     3.28     18.43   115.401   74.4558     172.9     6.543   90.9491   165.748         0         0   
    3.393     18.78   115.578   73.1607     171.1     5.324   90.6074   165.146         0         0   
    3.506     18.71   115.418   71.9289     169.6     4.904   90.2633   164.295         0         0   
    3.619     18.55   115.085   70.7639     168.1     4.831   89.9176   163.345         0         0   
    3.733     18.71   114.696   69.6484     164.4     5.514    89.568   162.415         0         0   
    3.846     19.08   114.025   68.5846     160.9     5.908   89.2214   161.338         0         0   
    3.959     19.18   113.196   67.5758     158.6     4.814   88.8752   160.145         0         0   
    4.072     19.06   112.429   66.6043     154.8     3.879   88.5299   158.988         0         0   
    4.185     18.75   111.524   65.6801     152.7     4.362   88.1859   157.733         0         0   
    4.298     18.23   110.601   64.7948       154     4.903   87.8436    156.46         0         0   
    4.411      17.6   109.486    63.934     156.3     5.332   87.5032   155.052         0         0   
    4.524     17.14   108.416   63.1165       157     4.993    87.165   153.718         0         0   
    4.637     16.92   107.197   62.3302       158     5.305   86.8292   152.322         0         0   
     4.75     16.54   105.946   61.5711     160.7     4.916   86.4959     150.9         0         0   
    4.864     15.92    104.79   60.8399     157.6     5.619   86.1625   149.532         0         0   
    4.977     15.38   103.592   60.1303     153.2     6.463   85.8349   148.159         0         0   
     5.09     15.05   102.318   59.4491     150.3     5.806   85.5101   146.771         0         0   
    5.203     14.73   100.977   58.7907     153.1      7.02   85.1884   145.351         0         0   
    5.316     14.28   99.7276   58.1539     156.1     7.733   84.8698   143.994         0         0   
    5.429      13.8   98.4091   57.5372     156.6     8.582   84.5542     142.6         0         0   
    5.542     13.44    97.267   56.9367     155.6     8.493   84.2418    141.35         0         0   
    5.655     13.14   96.2036   56.3583     150.5     8.629   83.9326   140.174         0         0   
    5.768     13.01    95.265   55.7972     147.4     7.768   83.6265   139.109         0         0   
    5.882     12.81   94.4946   55.2528     148.1     8.046    83.321   138.161         0         0   
    5.995     12.81   93.6019    54.724     146.6     10.23   83.0214   137.159         0         0   
    6.108     12.96    92.683   54.2102     143.8     7.362    82.725   136.163         0         0   
    6.221     13.11   91.8321   53.7077     141.1     7.984   82.4317    135.22         0         0   
    6.334     13.48   91.1052    53.222     138.6     7.947   82.1416   134.394         0         0   
    6.447      13.8   90.3553   52.7493     137.7     6.751   81.8546   133.556         0         0   
     6.56     14.08   89.5758   52.2889     137.6     6.522   81.5707   132.703         0         0   
    6.673     14.83   88.9522   51.8406     137.3     5.581   81.2899   132.015         0         0   
    6.786     16.04   88.3845    51.401     135.3     4.831   81.0122   131.431         0         0   
      6.9     17.31   87.9102   50.9751     133.1     4.002    80.735   130.937         0         0   
    7.013     18.02   87.4557   50.5597     133.6     5.122   80.4633   130.399         0         0   
    7.126     18.03   87.0733   50.1592     133.8     5.614   80.1946   129.823         0         0   
    7.239     17.87   86.6959   49.7633     132.4     4.999   79.9288    129.23         0         0   
    7.352     17.79   86.2668   49.3767     131.2     4.757   79.6658    128.62         0         0   
    7.465     17.68   86.0133   48.9989       130     5.167   79.4057   128.129         0         0   
    7.578     17.55   85.7327   48.6298     129.2     4.925   79.1485   127.622         0         0   
    7.691     17.37    85.457   48.2689     128.3     4.641    78.894   127.117         0         0   
    7.804     17.18   85.2133    47.916       126     4.152   78.6422   126.637         0         0   
    7.917     16.99   85.0985   47.5707       125     4.841   78.3931   126.249         0         0   
    8.031     16.78   84.9516   47.2328     123.5     4.841   78.1445   125.841         0         0   
    8.144     16.83   84.7637   46.9021     122.8     4.909   77.9007   125.445         0         0   
    8.257     17.04   84.7465   46.5783       122     4.891   77.6595   125.191         0         0   
     8.37      17.2    84.561    46.261     121.1     4.291   77.4209   124.822         0         0   
    8.483     17.32   84.3444   45.9502     120.9     4.383   77.1847    124.43         0         0   
    8.596      17.3   84.5323   45.6456     120.4     4.552    76.951   124.298         0         0   
    8.709     17.07   84.2772    45.347     121.6     4.746   76.7197    123.84         0         0   
    8.822     16.87   84.3436   45.0361     119.5      4.62   76.4909   123.602         0         0   
    8.935     16.73   84.4618   44.7492     119.4     5.353   76.2643    123.42         0         0   
    9.049     16.64   84.6423   44.4678     118.4     5.598   76.0382    123.29         0         0   
    9.162     16.55    84.744   44.1916     117.9     5.942   75.8163   123.112         0         0   
    9.275     16.61   85.1936   43.9206     116.8     8.011   75.5966   123.198         0         0   
    9.388     16.73   85.8303   43.6544     117.1     4.291   75.3792   123.428         0         0   
    9.501     16.92   86.8034   43.3931     116.5     5.185   75.1639    123.91         0         0   
    9.614      17.1   87.8462   43.1364     115.4     4.693   74.9508    124.45         0         0   
