!# Results of ROTMAS saved at 13-Oct-2007 (14:53:11)
!# User velocity         : Vu=SQRT(4*{PI}*4.321*RHO*RC*RC*(1-(RC/R)*ATAN(R/RC)))
!# Total velocity        : Vt=SQRT(MG*VG*ABS(VG)+MD*VD*ABS(VD)+MB*VB*ABS(VB)+VU**2)
!# Chi-square            : 120.253
!# Red. Chi-square (N=82,n=3) : 1.522186
!# Parameter name  :           RC         RHO          MB          MD          MG
!# Parameter value :     1.441050    22.421900     0.372600     1.000000     1.000000 
!# Parameter error :     1.571177    41.499519     0.014708     0.000000     0.000000 
!#
!# Radius |  vgas   |  vdisk  |  vbulge |  vobs   | err vobs|   Vu    |   Vt    |   Rxv   |   Vxy   |
!# kpc       km/s      km/s       km/s     km/s     km/s       km/s      km/s       kpc       km/s   
!#===================================================================================================
   0.4524    -6.105   57.0172   173.382     197.7     11.41   8.85829   182.629         0         0   
   0.5655     -7.41   68.9533   185.317     194.1     10.63   10.9072   197.892         0         0   
   0.6786    -8.997   79.0254    182.44     194.1     6.568   12.8601   199.033         0         0   
   0.7917    -9.464   87.8202   175.204     191.3     5.302   14.7093   196.305         0         0   
   0.9049    -5.581   98.3142   166.226     188.9      3.41   16.4526   193.743         0         0   
    1.018     8.815   107.055    157.24       194      3.84   18.0865   191.285         0         0   
    1.131     13.27   113.586   148.619     197.9     4.074   19.6131   188.547         0         0   
    1.244     15.61   118.783    140.76     198.3     4.775   21.0378   186.035         0         0   
    1.357     16.49   124.027   133.732     197.3     6.741   22.3653   184.497         0         0   
     1.47     16.33   128.736   127.496     194.2     8.003   23.6015   183.444         0         0   
    1.583     16.08   131.989   122.018     188.6     8.223   24.7523   182.156         0         0   
    1.697     15.94    133.76   117.168     184.4     7.972   25.8329   180.392         0         0   
     1.81     15.85   134.122   112.871       180      8.34   26.8305   178.044         0         0   
    1.923     16.11   134.783   109.012     173.1     7.652   27.7604   176.296         0         0   
    2.036     16.49   135.438   105.562       167     4.669   28.6281   174.866         0         0   
    2.149     16.71   136.009   102.412     162.4     3.725   29.4387   173.587         0         0   
    2.262     16.73    135.78   99.5615     158.1     3.629   30.1968   171.873         0         0   
    2.375     16.55   135.819   96.9587     159.7     4.585   30.9067    170.52         0         0   
    2.488     16.29     136.6   94.5482     161.7     7.081   31.5724   169.886         0         0   
    2.601     16.36   137.409   92.3306     164.4     9.339   32.1973   169.442         0         0   
    2.715     16.82    138.07   90.2582     166.1     9.435   32.7899   169.021         0         0   
    2.828     17.19   138.534   88.3251     167.4     8.113   33.3427   168.524         0         0   
    2.941     17.09   139.006   86.5262     169.9     7.418   33.8638   168.072         0         0   
    3.054     17.09   139.758   84.8372     172.1     6.039   34.3556   167.935         0         0   
    3.167     17.67   140.166   83.2385     173.3     5.774   34.8204    167.63         0         0   
     3.28     18.43   140.651   81.7284     172.9     6.543   35.2602   167.467         0         0   
    3.393     18.78   140.866   80.3067     171.1     5.324   35.6768   167.087         0         0   
    3.506     18.71   140.672   78.9547     169.6     4.904    36.072   166.354         0         0   
    3.619     18.55   140.266   77.6758     168.1     4.831   36.4472   165.471         0         0   
    3.733     18.71   139.792   76.4514     164.4     5.514    36.807   164.595         0         0   
    3.846     19.08   138.974   75.2837     160.9     5.908   37.1463   163.479         0         0   
    3.959     19.18   137.963   74.1764     158.6     4.814   37.4695   162.197         0         0   
    4.072     19.06   137.029     73.11     154.8     3.879   37.7778   160.973         0         0   
    4.185     18.75   135.925   72.0955     152.7     4.362    38.072   159.607         0         0   
    4.298     18.23   134.801   71.1237       154     4.903   38.3531   158.219         0         0   
    4.411      17.6   133.441   70.1788     156.3     5.332   38.6219    156.63         0         0   
    4.524     17.14   132.138   69.2815       157     4.993   38.8792   155.131         0         0   
    4.637     16.92   130.652   68.4184       158     5.305   39.1257   153.519         0         0   
     4.75     16.54   129.127   67.5852     160.7     4.916    39.362    151.87         0         0   
    4.864     15.92   127.718   66.7825     157.6     5.619   39.5907   150.309         0         0   
    4.977     15.38   126.258   66.0036     153.2     6.463   39.8083   148.724         0         0   
     5.09     15.05   124.705   65.2558     150.3     5.806   40.0175   147.097         0         0   
    5.203     14.73   123.071   64.5331     153.1      7.02   40.2186   145.415         0         0   
    5.316     14.28   121.548   63.8342     156.1     7.733   40.4122   143.826         0         0   
    5.429      13.8   119.941   63.1573     156.6     8.582   40.5985   142.174         0         0   
    5.542     13.44   118.549    62.498     155.6     8.493   40.7781   140.724         0         0   
    5.655     13.14   117.253   61.8632     150.5     8.629   40.9513   139.374         0         0   
    5.768     13.01   116.109   61.2473     147.4     7.768   41.1184   138.176         0         0   
    5.882     12.81    115.17   60.6496     148.1     8.046   41.2811   137.152         0         0   
    5.995     12.81   114.082   60.0693     146.6     10.23   41.4369    136.03         0         0   
    6.108     12.96   112.962   59.5053     143.8     7.362   41.5874   134.903         0         0   
    6.221     13.11   111.925   58.9537     141.1     7.984    41.733   133.852         0         0   
    6.334     13.48   111.039   58.4205     138.6     7.947   41.8738   132.958         0         0   
    6.447      13.8   110.125   57.9016     137.7     6.751   42.0102   132.043         0         0   
     6.56     14.08   109.175   57.3963     137.6     6.522   42.1422   131.102         0         0   
    6.673     14.83   108.415   56.9042     137.3     5.581   42.2702   130.379         0         0   
    6.786     16.04   107.723   56.4217     135.3     4.831   42.3942   129.778         0         0   
      6.9     17.31   107.145   55.9542     133.1     4.002   42.5155   129.299         0         0   
    7.013     18.02   106.591   55.4981     133.6     5.122   42.6322   128.779         0         0   
    7.126     18.03   106.125   55.0585     133.8     5.614   42.7455   128.243         0         0   
    7.239     17.87   105.665    54.624     132.4     4.999   42.8555    127.69         0         0   
    7.352     17.79   105.142   54.1996     131.2     4.757   42.9624   127.101         0         0   
    7.465     17.68   104.833    53.785       130     5.167   43.0663   126.689         0         0   
    7.578     17.55   104.491   53.3798     129.2     4.925   43.1673    126.25         0         0   
    7.691     17.37   104.155   52.9836     128.3     4.641   43.2655   125.814         0         0   
    7.804     17.18   103.858   52.5963       126     4.152   43.3611   125.412         0         0   
    7.917     16.99   103.718   52.2173       125     4.841   43.4541   125.144         0         0   
    8.031     16.78   103.539   51.8464     123.5     4.841   43.5455   124.844         0         0   
    8.144     16.83    103.31   51.4833     122.8     4.909   43.6337   124.542         0         0   
    8.257     17.04   103.289   51.1279       122     4.891   43.7197   124.437         0         0   
     8.37      17.2   103.063   50.7796     121.1     4.291   43.8034   124.158         0         0   
    8.483     17.32   102.799   50.4384     120.9     4.383   43.8851   123.845         0         0   
    8.596      17.3   103.028   50.1041     120.4     4.552   43.9648   123.925         0         0   
    8.709     17.07   102.717   49.7763     121.6     4.746   44.0425    123.53         0         0   
    8.822     16.87   102.798    49.435     119.5      4.62   44.1183    123.46         0         0   
    8.935     16.73   102.942   49.1202     119.4     5.353   44.1924   123.461         0         0   
    9.049     16.64   103.162   48.8112     118.4     5.598   44.2653   123.536         0         0   
    9.162     16.55   103.286   48.5081     117.9     5.942   44.3359   123.534         0         0   
    9.275     16.61   103.834   48.2106     116.8     8.011   44.4048   123.909         0         0   
    9.388     16.73    104.61   47.9184     117.1     4.291   44.4722   124.487         0         0   
    9.501     16.92   105.796   47.6316     116.5     5.185   44.5381   125.425         0         0   
    9.614      17.1   107.067   47.3498     115.4     4.693   44.6025    126.44         0         0   
