!# Results of ROTMAS saved at 13-Oct-2007 (14:53:23)
!# User velocity         : Vu=SQRT(4*{PI}*4.321*RHO*RC*RC*(1-(RC/R)*ATAN(R/RC)))
!# Total velocity        : Vt=SQRT(MG*VG*ABS(VG)+MD*VD*ABS(VD)+MB*VB*ABS(VB)+VU**2)
!# Chi-square            : 119.178
!# Red. Chi-square (N=82,n=4) : 1.527928
!# Parameter name  :           RC         RHO          MB          MD          MG
!# Parameter value :     0.039072 36595.898438     0.349741     0.920104     1.000000 
!# Parameter error :     1.237236 2317390.500000     0.087237     0.061518     0.000000 
!#
!# Radius |  vgas   |  vdisk  |  vbulge |  vobs   | err vobs|   Vu    |   Vt    |   Rxv   |   Vxy   |
!# kpc       km/s      km/s       km/s     km/s     km/s       km/s      km/s       kpc       km/s   
!#===================================================================================================
   0.4524    -6.105   54.6921   167.979     197.7     11.41   51.4253    183.89         0         0   
   0.5655     -7.41   66.1414   179.543     194.1     10.63   52.1416   198.177         0         0   
   0.6786    -8.997   75.8028   176.756     194.1     6.568   52.6233    199.19         0         0   
   0.7917    -9.464   84.2389   169.745     191.3     5.302   52.9692   196.534         0         0   
   0.9049    -5.581    94.305   161.046     188.9      3.41   53.2299   193.989         0         0   
    1.018     8.815   102.689   152.341       194      3.84   53.4331   191.535         0         0   
    1.131     13.27   108.954   143.988     197.9     4.074   53.5959   188.818         0         0   
    1.244     15.61   113.939   136.374     198.3     4.775   53.7294   186.307         0         0   
    1.357     16.49   118.969   129.565     197.3     6.741   53.8408   184.693         0         0   
     1.47     16.33   123.486   123.523     194.2     8.003   53.9352   183.528         0         0   
    1.583     16.08   126.607   118.216     188.6     8.223   54.0163   182.155         0         0   
    1.697     15.94   128.305   113.517     184.4     7.972   54.0871   180.355         0         0   
     1.81     15.85   128.653   109.354       180      8.34   54.1486   178.026         0         0   
    1.923     16.11   129.287   105.615     173.1     7.652   54.2029   176.258         0         0   
    2.036     16.49   129.915   102.272       167     4.669   54.2512   174.793         0         0   
    2.149     16.71   130.463   99.2209     162.4     3.725   54.2944   173.472         0         0   
    2.262     16.73   130.243   96.4591     158.1     3.629   54.3334   171.754         0         0   
    2.375     16.55    130.28   93.9374     159.7     4.585   54.3686   170.373         0         0   
    2.488     16.29    131.03    91.602     161.7     7.081   54.4007    169.66         0         0   
    2.601     16.36   131.806   89.4535     164.4     9.339     54.43    169.13         0         0   
    2.715     16.82    132.44   87.4457     166.1     9.435   54.4571   168.628         0         0   
    2.828     17.19   132.885   85.5728     167.4     8.113   54.4818   168.062         0         0   
    2.941     17.09   133.337     83.83     169.9     7.418   54.5046   167.538         0         0   
    3.054     17.09   134.059   82.1936     172.1     6.039   54.5257    167.31         0         0   
    3.167     17.67    134.45   80.6448     173.3     5.774   54.5453   166.937         0         0   
     3.28     18.43   134.915   79.1817     172.9     6.543   54.5636     166.7         0         0   
    3.393     18.78   135.122   77.8043     171.1     5.324   54.5807   166.262         0         0   
    3.506     18.71   134.935   76.4944     169.6     4.904   54.5966   165.499         0         0   
    3.619     18.55   134.546   75.2554     168.1     4.831   54.6116   164.598         0         0   
    3.733     18.71   134.091   74.0691     164.4     5.514   54.6258   163.709         0         0   
    3.846     19.08   133.307   72.9378     160.9     5.908    54.639   162.604         0         0   
    3.959     19.18   132.337    71.865     158.6     4.814   54.6515   161.345         0         0   
    4.072     19.06   131.441   70.8319     154.8     3.879   54.6633   160.141         0         0   
    4.185     18.75   130.382    69.849     152.7     4.362   54.6745   158.806         0         0   
    4.298     18.23   129.304   68.9075       154     4.903    54.685    157.45         0         0   
    4.411      17.6   127.999    67.992     156.3     5.332   54.6951    155.91         0         0   
    4.524     17.14   126.749   67.1227       157     4.993   54.7046   154.458         0         0   
    4.637     16.92   125.324   66.2864       158     5.305   54.7137   152.905         0         0   
     4.75     16.54   123.861   65.4792     160.7     4.916   54.7223   151.318         0         0   
    4.864     15.92    122.51   64.7015     157.6     5.619   54.7306   149.813         0         0   
    4.977     15.38   121.109   63.9469     153.2     6.463   54.7385   148.289         0         0   
     5.09     15.05    119.62   63.2224     150.3     5.806    54.746    146.73         0         0   
    5.203     14.73   118.052   62.5222     153.1      7.02   54.7532   145.121         0         0   
    5.316     14.28   116.591   61.8451     156.1     7.733     54.76     143.6         0         0   
    5.429      13.8    115.05   61.1893     156.6     8.582   54.7666   142.023         0         0   
    5.542     13.44   113.715   60.5506     155.6     8.493   54.7729   140.635         0         0   
    5.655     13.14   112.471   59.9355     150.5     8.629    54.779    139.34         0         0   
    5.768     13.01   111.374   59.3388     147.4     7.768   54.7849   138.188         0         0   
    5.882     12.81   110.473   58.7598     148.1     8.046   54.7905   137.198         0         0   
    5.995     12.81    109.43   58.1975     146.6     10.23   54.7959   136.119         0         0   
    6.108     12.96   108.355   57.6511     143.8     7.362   54.8011    135.04         0         0   
    6.221     13.11   107.361   57.1166     141.1     7.984   54.8061   134.031         0         0   
    6.334     13.48   106.511   56.6001     138.6     7.947    54.811   133.169         0         0   
    6.447      13.8   105.634   56.0974     137.7     6.751   54.8156    132.29         0         0   
     6.56     14.08   104.723   55.6078     137.6     6.522   54.8201   131.387         0         0   
    6.673     14.83   103.994   55.1311     137.3     5.581   54.8245    130.69         0         0   
    6.786     16.04    103.33   54.6636     135.3     4.831   54.8287    130.11         0         0   
      6.9     17.31   102.776   54.2106     133.1     4.002   54.8328   129.645         0         0   
    7.013     18.02   102.244   53.7688     133.6     5.122   54.8367   129.139         0         0   
    7.126     18.03   101.797   53.3429     133.8     5.614   54.8405   128.611         0         0   
    7.239     17.87   101.356   52.9219     132.4     4.999   54.8442   128.066         0         0   
    7.352     17.79   100.854   52.5107     131.2     4.757   54.8478    127.49         0         0   
    7.465     17.68   100.558    52.109       130     5.167   54.8513   127.077         0         0   
    7.578     17.55    100.23   51.7164     129.2     4.925   54.8546    126.64         0         0   
    7.691     17.37   99.9076   51.3326     128.3     4.641   54.8579   126.205         0         0   
    7.804     17.18   99.6227   50.9573       126     4.152   54.8611   125.802         0         0   
    7.917     16.99   99.4884   50.5901       125     4.841   54.8642   125.523         0         0   
    8.031     16.78   99.3167   50.2308     123.5     4.841   54.8672   125.216         0         0   
    8.144     16.83   99.0971   49.8791     122.8     4.909   54.8701   124.908         0         0   
    8.257     17.04   99.0769   49.5347       122     4.891   54.8729   124.785         0         0   
     8.37      17.2   98.8601   49.1973     121.1     4.291   54.8757   124.503         0         0   
    8.483     17.32   98.6069   48.8667     120.9     4.383   54.8784   124.189         0         0   
    8.596      17.3   98.8266   48.5428     120.4     4.552    54.881   124.235         0         0   
    8.709     17.07   98.5283   48.2253     121.6     4.746   54.8835   123.843         0         0   
    8.822     16.87   98.6059   47.8946     119.5      4.62    54.886    123.75         0         0   
    8.935     16.73   98.7441   47.5896     119.4     5.353   54.8884   123.725         0         0   
    9.049     16.64   98.9551   47.2902     118.4     5.598   54.8908   123.767         0         0   
    9.162     16.55   99.0741   46.9966     117.9     5.942   54.8931    123.74         0         0   
    9.275     16.61   99.5997   46.7083     116.8     8.011   54.8954   124.061         0         0   
    9.388     16.73   100.344   46.4253     117.1     4.291   54.8975   124.571         0         0   
    9.501     16.92   101.482   46.1474     116.5     5.185   54.8997   125.413         0         0   
    9.614      17.1   102.701   45.8743     115.4     4.693   54.9018   126.327         0         0   
