!# Results of ROTMAS saved at 14-Oct-2007 (18:51:01)
!# User velocity         : Vu=SQRT(4*{PI}*4.321*RHO*RC*RC*(1-(RC/R)*ATAN(R/RC)))
!# Total velocity        : Vt=SQRT(MG*VG*ABS(VG)+MD*VD*ABS(VD)+MB*VB*ABS(VB)+VU**2)
!# Chi-square            : 1595.26
!# Red. Chi-square (N=199,n=3) : 8.139094
!# Parameter name  :           RC         RHO          MB          MD          MG
!# Parameter value :    45.636299     0.898751     0.084696     1.000000     1.000000 
!# Parameter error :    22.726807     0.238940     0.018603     0.000000     0.000000 
!#
!# Radius |  vgas   |  vdisk  |  vbulge |  vobs   | err vobs|   Vu    |   Vt    |   Rxv   |   Vxy   |
!# kpc       km/s      km/s       km/s     km/s     km/s       km/s      km/s       kpc       km/s   
!#===================================================================================================
   0.2451    -1.062   26.8314   42.9973     60.64     62.78   0.988543   50.6808         0         0   
   0.4903    -2.029   50.1201   68.0564     124.6     12.33   1.97744   84.5192         0         0   
   0.7354    -2.566   71.9454   78.2726       149     7.544   2.96583   106.325         0         0   
   0.9806     1.311   90.8571   82.2725     161.1     6.672   3.95447   122.642         0         0   
    1.226     2.804   109.207    82.473     166.2     6.364   4.94371   136.968         0         0   
    1.471    0.2885   125.667   80.5042     174.5     5.248   5.93108    149.36         0         0   
    1.716    -3.894   139.737   77.4778       180     3.958   6.91814   159.881         0         0   
    1.961    -5.307   150.895   73.9424     183.8     4.367   7.90484    168.14         0         0   
    2.206    -6.157   159.319    70.274     190.1     4.518   8.89114   174.247         0         0   
    2.451    -6.426   166.592   66.7157     195.5      4.22   9.87698   179.611         0         0   
    2.697    -5.395   174.369   63.4146     199.9     4.152   10.8663   185.782         0         0   
    2.942    -3.136   183.314    60.373     204.1     3.807   11.8511   193.338         0         0   
    3.187     -2.72   191.837   57.6266     206.5     3.867   12.8352   200.698         0         0   
    3.432    -3.748   199.077   55.1453     206.7     4.343   13.8187   207.001         0         0   
    3.677    -5.047   204.848   52.9414     203.3      4.51   14.8015   212.036         0         0   
    3.922    -6.278   208.923   50.9572       199     4.312   15.7835   215.535         0         0   
    4.167    -7.319   211.916   49.1779     196.2     4.013   16.7648    218.07         0         0   
    4.413    -8.597   214.425   47.5746     194.7     3.757   17.7491   220.188         0         0   
    4.658    -8.589   217.196   46.1203     194.6      3.65   18.7285   222.662         0         0   
    4.903    -5.776   219.639   44.7985     196.3     3.492    19.707   224.952         0         0   
    5.148      3.49   221.667   43.5925       199     3.301   20.6845   226.885         0         0   
    5.393     7.105   223.509   42.4848       202     2.741    21.661    228.65         0         0   
    5.638     9.695    225.16   41.4689     204.3     2.698   22.6363   230.267         0         0   
    5.883     11.33   226.134   40.5126     205.5      2.79   23.6105   231.222         0         0   
    6.129     12.04   226.593   39.6316     206.8     3.195   24.5874   231.656         0         0   
    6.374     12.95   226.713   38.8095     207.8     3.235   25.5592   231.789         0         0   
    6.619     14.56   227.054   38.0432     207.6     3.703   26.5296     232.2         0         0   
    6.864     17.15   227.047   37.3191     207.2      4.21   27.4988   232.365         0         0   
    7.109     18.92   226.877   36.6294     207.6     4.311   28.4665   232.343         0         0   
    7.354     19.23   226.622   35.9848     207.4     4.247   29.4329   232.139         0         0   
      7.6     19.82   226.336   35.3777     207.7     4.002   30.4017   231.941         0         0   
    7.845     20.85    225.99    34.798     208.3     3.953    31.365   231.734         0         0   
     8.09     22.14   225.739   34.2471     208.6     4.116   32.3268    231.66         0         0   
    8.335     23.58   225.646   33.7223     209.1     3.998    33.287    231.77         0         0   
     8.58     24.57   225.234   33.2162     209.4     4.064   34.2456   231.539         0         0   
    8.825     25.46   224.878   32.7401       209     4.121   35.2024   231.364         0         0   
     9.07      26.4   224.217   32.2821       209     3.714   36.1576   230.911         0         0   
    9.316     26.78   223.583   31.8435     208.6      3.69   37.1149    230.43         0         0   
    9.561      26.5   222.448   31.4224     208.2      3.61   38.0664   229.394         0         0   
    9.806     27.11   221.638   31.0158     208.2      3.45   39.0162   228.785         0         0   
    10.05     28.17   221.001   30.6267     208.3     3.333   39.9601   228.407         0         0   
     10.3     28.04    219.61   30.2521     208.7       3.9   40.9254   227.167         0         0   
    10.54     27.34   217.478   29.8916       209     4.891     41.85   225.142         0         0   
    10.79     26.82   215.282   29.5455     209.4     6.195   42.8112   223.095         0         0   
    11.03     26.35   213.164   29.2056     210.2     6.576   43.7319    221.13         0         0   
    11.28     26.12   211.635   28.8814     210.1     7.379   44.6889   219.779         0         0   
    11.52     26.74    210.04   28.5668     210.1      8.25   45.6055   218.467         0         0   
    11.77     27.88   208.993   28.2641     210.5     8.628   46.5582   217.766         0         0   
    12.01     28.54   207.246   27.9693     211.3     9.362   47.4706   216.336         0         0   
    12.26     29.21   206.021   27.6836     211.6     10.05   48.4187   215.427         0         0   
     12.5     30.51   204.936   27.4066     211.5      10.3   49.3267   214.741         0         0   
    12.75     32.22   203.879   27.1394     211.5     10.21   50.2702   214.169         0         0   
    12.99     33.85   202.538   26.8784     210.8     9.522   51.1738   213.328         0         0   
    13.24     35.39   201.176   26.6248     210.2     9.327   52.1125   212.483         0         0   
    13.48     36.51   200.012   26.3784     209.4     9.498   53.0114   211.764         0         0   
    13.73     37.41   198.588     26.14     208.3     9.231   53.9453   210.784         0         0   
    13.97     38.43   197.251   25.9068     208.9      9.22   54.8394   209.913         0         0   
    14.22     39.48    196.03   25.6746     209.4     9.137   55.7683   209.179         0         0   
    14.46     40.22   195.036   25.4598     209.6     9.175   56.6575   208.602         0         0   
    14.71     40.72   193.946   25.2382     209.2     9.041   57.5813   207.908         0         0   
    14.95     41.12   193.071   25.0342       209       8.8   58.4655   207.394         0         0   
     15.2     41.51    192.07   24.8351     209.5     10.96    59.384   206.778         0         0   
    15.44     41.76   191.166   24.6294     207.4     9.044   60.2632    206.22         0         0   
    15.69     41.83   190.028   24.4397     205.3     8.569   61.1764   205.427         0         0   
    15.93     42.03   189.081   24.2437     204.8      9.14   62.0504   204.832         0         0   
    16.18     42.74   188.033   24.0628     202.3     8.973   62.9581   204.269         0         0   
    16.42     43.47   187.271   23.8757     200.2      9.13   63.8268   203.971         0         0   
    16.67     44.32    186.47   23.7029     199.3     9.015   64.7289   203.684         0         0   
    16.92     45.62   185.724    23.524     198.4     9.072   65.6282   203.556         0         0   
    17.16     46.59   184.995   23.3587     199.5     7.881   66.4888   203.372         0         0   
    17.41     47.09   184.364   23.1875     200.9      6.88   67.3823   203.189         0         0   
    17.65      47.3   183.546   23.0292       202     6.141   68.2374   202.764         0         0   
     17.9     47.41   182.656   22.8651     202.9     6.218   69.1252   202.267         0         0   
    18.14     47.39   181.714   22.7133     204.1      6.12   69.9747   201.688         0         0   
    18.39     47.15   180.774   22.5559     204.1     6.669   70.8566   201.077         0         0   
    18.63     47.03   179.651   22.4101     204.1     7.433   71.7004   200.323         0         0   
    18.88     46.73   178.755   22.2589     203.1     7.224   72.5765   199.749         0         0   
    19.12     46.16   177.977   22.1188     201.5     7.479   73.4145   199.212         0         0   
    19.37     45.52   177.224   21.9733     200.5     8.573   74.2845   198.699         0         0   
    19.61     44.84   176.338   21.8386       199      9.33   75.1168   198.053         0         0   
    19.86     44.04   175.493   21.6986     197.2     9.703   75.9808   197.437         0         0   
     20.1     43.71   174.584   21.5688     195.5     8.944   76.8072   196.862         0         0   
    20.35     43.38    173.72   21.4413     195.1     8.841    77.665   196.347         0         0   
    20.59     43.13   172.585   21.3088     194.6      8.61   78.4855   195.601         0         0   
    20.84     42.97   171.787   21.1859     195.4     9.172   79.3371   195.193         0         0   
    21.08     42.73   171.029   21.0581     195.3     9.699   80.1517   194.793         0         0   
    21.33     42.09   170.092   20.9394     194.3     9.539    80.997    194.17         0         0   
    21.57     41.58   169.001   20.8159     196.6     9.873   81.8055   193.431         0         0   
    21.82     41.09   168.181   20.7013     196.7     9.624   82.6446   192.956         0         0   
    22.06     40.67   167.631    20.582     197.9     8.457   83.4471   192.721         0         0   
    22.31     40.37   166.832   20.4713     198.4     9.086   84.2798   192.314         0         0   
    22.55     40.08   165.906   20.3558     198.4     9.266   85.0762    191.79         0         0   
     22.8      39.6   165.094   20.2487     197.1     9.352   85.9026   191.346         0         0   
    23.04     38.92   164.241    20.137     197.9      9.94   86.6928   190.817         0         0   
    23.29     38.12   163.222   20.0332     198.1     9.534   87.5128   190.143         0         0   
    23.53     37.61   162.221   19.9251     200.5     8.595   88.2968   189.535         0         0   
    23.78     37.18   161.337   19.8245     201.4     9.273   89.1103   189.065         0         0   
    24.02     36.49   160.427   19.7197     201.8     10.47   89.8882   188.513         0         0   
    24.27     35.42   159.327   19.6222       202     11.76   90.6953   187.751         0         0   
    24.51     34.44   158.422   19.5205       200     11.21   91.4669   187.165         0         0   
    24.76     33.89   157.631    19.426     199.7     11.17   92.2675    186.78         0         0   
       25     33.79   156.818   19.3274     201.2     11.93   93.0329   186.447         0         0   
    25.25     33.78   155.856   19.2356     200.7     11.64   93.8269   186.026         0         0   
     25.5     33.84   155.098   19.1451     199.5      12.5   94.6176   185.794         0         0   
    25.74     33.84   154.243   19.0507     199.2     13.27   95.3736   185.459         0         0   
    25.99     33.27   153.478   18.9627     202.2     11.14   96.1578   185.117         0         0   
    26.23     32.82   152.487    18.871     204.7     9.938   96.9075   184.599         0         0   
    26.48      32.9   151.786   18.7855     205.2     10.58   97.6851   184.436         0         0   
    26.72     33.12   150.946   18.6963     204.2     10.12   98.4285   184.172         0         0   
    26.97     33.46   150.181   18.6132     199.4     13.15   99.1996   184.013         0         0   
    27.21     33.67   149.259   18.5264     201.2     12.81   99.9367   183.691         0         0   
    27.46     33.69   148.586   18.4455     199.1     10.93   100.701   183.559         0         0   
     27.7     33.61   147.778    18.361     197.3      10.4   101.432   183.285         0         0   
    27.95     33.62   147.025   18.2823     195.4     16.96    102.19   183.095         0         0   
    28.19     33.93   146.173      18.2     193.2     14.67   102.915   182.867         0         0   
    28.44     34.01   145.523   18.1234     191.2     13.27   103.666   182.781         0         0   
    28.68     34.31   144.752   18.0432     191.8     11.84   104.384   182.625         0         0   
    28.93     35.05   144.011   17.9685     191.4     11.51   105.129     182.6         0         0   
    29.17     35.57   143.224   17.8904       192     11.47   105.841   182.485         0         0   
    29.42     35.68     142.6   17.8176     191.9     12.69    106.58    182.44         0         0   
    29.66     35.52   141.867   17.7413     192.9     12.79   107.285   182.244         0         0   
    29.91     35.64   141.147   17.6703     194.3     9.752   108.017   182.133         0         0   
    30.15     35.96   140.421    17.596     194.4     8.653   108.716   182.044         0         0   
     30.4     36.11    139.82   17.5267       194     10.42   109.442   182.039         0         0   
    30.64     36.53   139.161   17.4583     193.4     8.903   110.135   182.029         0         0   
    30.89     37.06   138.428   17.3866     192.9     9.564   110.854   182.007         0         0   
    31.13     37.45   137.788   17.3197     192.8     11.28   111.541   182.015         0         0   
    31.38     37.88   137.178   17.2497     190.9     12.81   112.253   182.074         0         0   
    31.62     38.05   136.554   17.1844     188.2     13.66   112.934   182.055         0         0   
    31.87     37.55   135.846   17.1161     187.2     11.39    113.64   181.855         0         0   
    32.11     37.43    135.25   17.0523     187.7     9.738   114.314   181.802         0         0   
    32.36     37.64   134.663   16.9855     187.6     9.879   115.014   181.845         0         0   
     32.6     37.73   134.068   16.9231     187.1     8.119   115.682   181.842         0         0   
    32.85     37.64    133.39   16.8578     187.5     7.557   116.375   181.761         0         0   
    33.09     37.74   132.835   16.7968     191.1     7.335   117.037   181.795         0         0   
    33.34     38.23   132.274    16.733     194.4     6.673   117.724   181.926         0         0   
    33.58     38.49   131.709   16.6734     193.6     6.189    118.38   181.991         0         0   
    33.83     38.32   131.059   16.6109     194.4      5.63   119.061   181.924         0         0   
    34.08     38.31   130.537   16.5526     193.4     5.955   119.738   181.985         0         0   
    34.32     38.61   129.994   16.4915     192.5     6.973   120.385   182.081         0         0   
    34.57     38.82   129.454   16.4344     191.6     7.477   121.055   182.181         0         0   
    34.81     38.78    128.83   16.3746     191.7     8.107   121.696   182.152         0         0   
    35.06     38.71   128.341   16.3187     189.9     7.506   122.361   182.232         0         0   
     35.3     38.85   127.819   16.2602     187.4      7.59   122.996   182.317         0         0   
    35.55     38.97   127.304   16.2054       188     9.015   123.654   182.422         0         0   
    35.79     38.93   126.739   16.1512     188.4     9.131   124.283   182.443         0         0   
    36.04     38.86   126.251   16.0945     189.1     8.324   124.935    182.53         0         0   
    36.28      38.7   125.777   16.0414     190.3     7.602   125.558   182.592         0         0   
    36.53     38.41   125.258   15.9858     190.2     7.568   126.204   182.614         0         0   
    36.77     38.24   124.717   15.9338     187.3     6.858   126.821   182.631         0         0   
    37.02     38.17   124.255   15.8793     188.6     7.081   127.461   182.742         0         0   
    37.26     38.09   123.799   15.8283     186.2     7.584   128.072   182.839         0         0   
    37.51     37.93   123.305   15.7748     180.3     8.319   128.706   182.912         0         0   
    37.75     37.73   122.789   15.7249     175.5     6.904   129.311   182.946         0         0   
       38     37.59   122.353   15.6724     174.2     6.649   129.939   183.065         0         0   
    38.24     37.71   121.914   15.6235     171.7      6.74   130.538    183.22         0         0   
    38.49     37.73   121.444    15.572     173.9     7.039    131.16   183.351         0         0   
    38.73     37.59   120.954    15.524       177     6.417   131.754    183.42         0         0   
    38.98     37.76    120.54   15.4735     178.9     6.148    132.37   183.621         0         0   
    39.22      38.2    120.12   15.4264     182.2     7.286   132.958   183.858         0         0   
    39.47     38.31   119.674   15.3769     183.9     6.882   133.568   184.028         0         0   
    39.71     38.13    119.21   15.3306       184     7.386    134.15   184.109         0         0   
    39.96     38.37   118.815    15.282     184.6     7.582   134.754    184.34         0         0   
     40.2     38.66   118.412   15.2365     184.5     7.973   135.331   184.561         0         0   
    40.45     38.82    118.01   15.1915     185.5     7.479   135.929   184.772         0         0   
    40.69     38.71   117.545   15.1443     186.9     7.822     136.5    184.87         0         0   
    40.94     38.72    117.19      15.1     187.6     7.955   137.092   185.081         0         0   
    41.18      38.9    116.78   15.0536       189     11.02   137.658   185.276         0         0   
    41.43      39.1   116.399   15.0102     190.7     12.01   138.245   185.511         0         0   
    41.67     39.21   115.957   14.9646     192.1     10.87   138.805   185.672         0         0   
    41.92     39.28   115.615   14.9219     193.4     11.54   139.386   185.906         0         0   
    42.17     39.48   115.223   14.8771     193.7     11.04   139.964   186.135         0         0   
    42.41     39.74   114.859   14.8352     192.9     11.02   140.516   186.378         0         0   
    42.66     39.96   114.438   14.7911     191.7     11.59   141.089   186.595         0         0   
     42.9        40    114.11   14.7499     189.9     11.83   141.635   186.813         0         0   
    43.15     40.06   113.733   14.7066     189.4     11.23   142.202   187.023         0         0   
    43.39     40.07   113.387   14.6661     185.8     10.48   142.744   187.225         0         0   
    43.64     40.17   112.985   14.6236     187.3     10.34   143.305   187.428         0         0   
    43.88     40.29   112.669   14.5837     187.4     10.51   143.841   187.671         0         0   
    44.13      40.2   112.306   14.5419     176.9     9.322   144.397   187.858         0         0   
    44.37     40.16   111.975   14.5028     175.9     9.464   144.928   188.058         0         0   
    44.62     40.22   111.593   14.4616       166     14.81   145.478   188.265         0         0   
    44.86     40.18   111.287   14.4231     167.6     12.61   146.004   188.479         0         0   
    45.11     40.32   110.938   14.3826     159.6     15.26   146.549   188.723         0         0   
    45.35     40.56   110.621   14.3447       162     15.45    147.07    188.99         0         0   
     45.6     40.85   110.273   14.3071     176.6     16.58   147.609   189.267         0         0   
    45.84     41.15    109.96   14.2676     163.7     15.17   148.125    189.55         0         0   
    46.09     41.39   109.643   14.2306     160.1     14.13   148.659   189.834         0         0   
    46.33     41.55    109.32   14.1918     158.9     15.76    149.17    190.08         0         0   
    46.58     41.72   108.989   14.1554     160.7     16.27   149.699    190.34         0         0   
    46.82      41.9   108.684   14.1171     161.9     16.25   150.205   190.601         0         0   
    47.07     42.15   108.379   14.0813       165     16.43   150.729   190.893         0         0   
    47.31     42.53   108.068   14.0436     166.2     16.13    151.23   191.194         0         0   
    47.56     42.93   107.753   14.0083     166.5     17.64   151.749   191.514         0         0   
     47.8     43.34   107.456   13.9712     166.5     17.86   152.244    191.83         0         0   
    48.05     43.63   107.163   13.9364     167.9     18.25   152.758   192.137         0         0   
    48.29      43.8   106.865      13.9     167.5     18.86   153.249   192.398         0         0   
    48.54     44.02   106.564   13.8657     169.9     19.24   153.758   192.685         0         0   
    48.78     44.32   106.278   13.8298     170.7     18.73   154.244   192.981         0         0   
