!# Results of ROTMAS saved at 12-May-2008 (13:27:09)
!# User velocity         : Vu=SQRT(4*{PI}*4.321*RHO*RC*RC*(1-(RC/R)*ATAN(R/RC)))
!# Total velocity        : Vt=SQRT(MG*VG*ABS(VG)+MD*VD*ABS(VD)+MB*VB*ABS(VB)+VU**2)
!# Chi-square            : 202.452
!# Red. Chi-square (N=199,n=3) : 1.032918
!# Parameter name  :           RC         RHO          MB          MD          MG
!# Parameter value :    11.733000     4.787020     3.132860     0.710000     1.000000 
!# Parameter error :     0.710165     0.405648     0.092992     0.000000     0.000000 
!#
!# Radius |  vgas   |  vdisk  |  vbulge |  vobs   | err vobs|   Vu    |   Vt    |   Rxv   |   Vxy   |
!# kpc       km/s      km/s       km/s     km/s     km/s       km/s      km/s       kpc       km/s   
!#===================================================================================================
   0.2451    -1.062   22.6085   76.1047     60.64     62.78   2.28116   79.4176         0         0   
   0.4903    -2.029   42.2319   120.459     124.6     12.33   4.56146   127.713         0         0   
   0.7354    -2.566   60.6223   138.542       149     7.544   6.83725   151.357         0         0   
   0.9806     1.311   76.5575   145.621     161.1     6.672   9.10864   164.777         0         0   
    1.226     2.804   92.0195   145.976     166.2     6.364   11.3748   172.956         0         0   
    1.471    0.2885   105.889   142.492     174.5     5.248   13.6285   178.051         0         0   
    1.716    -3.894   117.744   137.135       180     3.958   15.8717   181.401         0         0   
    1.961    -5.307   127.146   130.877     183.8     4.367   18.1029   183.288         0         0   
    2.206    -6.157   134.245   124.384     190.1     4.518   20.3205   184.033         0         0   
    2.451    -6.426   140.373   118.086     195.5      4.22    22.523   184.702         0         0   
    2.697    -5.395   146.926   112.243     199.9     4.152   24.7179   186.461         0         0   
    2.942    -3.136   154.463    106.86     204.1     3.807    26.886   189.713         0         0   
    3.187     -2.72   161.645   101.998     206.5     3.867   29.0349   193.309         0         0   
    3.432    -3.748   167.745   97.6066     206.7     4.343   31.1634   196.526         0         0   
    3.677    -5.047   172.608   93.7057     203.3      4.51   33.2705   199.137         0         0   
    3.922    -6.278   176.042   90.1937       199     4.312    35.355   200.839         0         0   
    4.167    -7.319   178.564   87.0443     196.2     4.013   37.4161    202.01         0         0   
    4.413    -8.597   180.678   84.2065     194.7     3.757   39.4611   203.023         0         0   
    4.658    -8.589   183.013   81.6324     194.6      3.65   41.4726   204.459         0         0   
    4.903    -5.776   185.071   79.2928     196.3     3.492   43.4583   205.898         0         0   
    5.148      3.49    186.78   77.1582       199     3.301   45.4175    207.16         0         0   
    5.393     7.105   188.332   75.1976       202     2.741   47.3497   208.365         0         0   
    5.638     9.695   189.723   73.3995     204.3     2.698   49.2545   209.529         0         0   
    5.883     11.33   190.544   71.7068     205.5      2.79   51.1314   210.218         0         0   
    6.129     12.04   190.931   70.1475     206.8     3.195   52.9876   210.542         0         0   
    6.374     12.95   191.032   68.6924     207.8     3.235   54.8078   210.674         0         0   
    6.619     14.56   191.319    67.336     207.6     3.703   56.5994   211.075         0         0   
    6.864     17.15   191.313   66.0544     207.2      4.21   58.3623   211.339         0         0   
    7.109     18.92    191.17   64.8336     207.6     4.311   60.0963   211.468         0         0   
    7.354     19.23   190.955   63.6927     207.4     4.247   61.8015   211.447         0         0   
      7.6     19.82   190.714   62.6181     207.7     4.002   63.4848   211.462         0         0   
    7.845     20.85   190.423   61.5921     208.3     3.953   65.1324   211.498         0         0   
     8.09     22.14   190.211    60.617     208.6     4.116   66.7514   211.662         0         0   
    8.335     23.58   190.133   59.6881     209.1     3.998   68.3421    211.99         0         0   
     8.58     24.57   189.786   58.7923     209.4     4.064   69.9045    212.05         0         0   
    8.825     25.46   189.486   57.9496       209     4.121    71.439   212.167         0         0   
     9.07      26.4   188.929    57.139       209     3.714   72.9458   212.078         0         0   
    9.316     26.78   188.394   56.3626     208.6      3.69   74.4311   211.958         0         0   
    9.561      26.5   187.438   55.6173     208.2      3.61   75.8832   211.393         0         0   
    9.806     27.11   186.755   54.8976     208.2      3.45   77.3086   211.194         0         0   
    10.05     28.17   186.219   54.2089     208.3     3.333    78.702   211.196         0         0   
     10.3     28.04   185.047   53.5459     208.7       3.9   80.1028   210.504         0         0   
    10.54     27.34    183.25   52.9078       209     4.891   81.4225   209.182         0         0   
    10.79     26.82     181.4   52.2952     209.4     6.195   82.7714   207.873         0         0   
    11.03     26.35   179.615   51.6936     210.2     6.576    84.042   206.619         0         0   
    11.28     26.12   178.327   51.1197     210.1     7.379   85.3407   205.862         0         0   
    11.52     26.74   176.983   50.5629     210.1      8.25   86.5639   205.153         0         0   
    11.77     27.88   176.101   50.0271     210.5     8.628    87.814   204.946         0         0   
    12.01     28.54   174.629   49.5053     211.3     9.362   88.9915   204.157         0         0   
    12.26     29.21   173.596   48.9997     211.6     10.05   90.1948   203.777         0         0   
     12.5     30.51   172.682   48.5094     211.5      10.3   91.3282   203.578         0         0   
    12.75     32.22   171.791   48.0364     211.5     10.21   92.4866   203.499         0         0   
    12.99     33.85   170.662   47.5745     210.8     9.522   93.5776   203.203         0         0   
    13.24     35.39   169.514   47.1256     210.2     9.327   94.6927   202.916         0         0   
    13.48     36.51   168.533   46.6895     209.4     9.498   95.7431   202.689         0         0   
    13.73     37.41   167.333   46.2675     208.3     9.231   96.8167   202.272         0         0   
    13.97     38.43   166.207   45.8547     208.9      9.22   97.8281   201.927         0         0   
    14.22     39.48   165.178   45.4438     209.4     9.137   98.8619   201.696         0         0   
    14.46     40.22    164.34   45.0636     209.6     9.175   99.8359   201.552         0         0   
    14.71     40.72   163.422   44.6713     209.2     9.041   100.832   201.314         0         0   
    14.95     41.12   162.685   44.3102       209       8.8    101.77    201.19         0         0   
     15.2     41.51   161.841   43.9578     209.5     10.96   102.729       201         0         0   
    15.44     41.76   161.079   43.5938     207.4     9.044   103.633   200.825         0         0   
    15.69     41.83    160.12    43.258     205.3     8.569   104.557   200.479         0         0   
    15.93     42.03   159.322   42.9111     204.8      9.14   105.428   200.267         0         0   
    16.18     42.74   158.439   42.5909     202.3     8.973   106.319   200.119         0         0   
    16.42     43.47   157.797   42.2597     200.2      9.13   107.159   200.147         0         0   
    16.67     44.32   157.122   41.9539     199.3     9.015   108.018   200.199         0         0   
    16.92     45.62   156.494   41.6372     198.4     9.072   108.862    200.39         0         0   
    17.16     46.59    155.88   41.3446     199.5     7.881   109.657   200.507         0         0   
    17.41     47.09   155.348   41.0416     200.9      6.88    110.47   200.595         0         0   
    17.65      47.3   154.659   40.7614       202     6.141   111.238   200.479         0         0   
     17.9     47.41   153.909    40.471     202.9     6.218   112.023   200.306         0         0   
    18.14     47.39   153.115   40.2023     204.1      6.12   112.763   200.054         0         0   
    18.39     47.15   152.323   39.9237     204.1     6.669   113.521   199.766         0         0   
    18.63     47.03   151.377   39.6656     204.1     7.433   114.236   199.374         0         0   
    18.88     46.73   150.622    39.398     203.1     7.224   114.968   199.099         0         0   
    19.12     46.16   149.966     39.15     201.5     7.479   115.658   198.822         0         0   
    19.37     45.52   149.332   38.8925     200.5     8.573   116.365   198.559         0         0   
    19.61     44.84   148.585   38.6541       199      9.33   117.032   198.189         0         0   
    19.86     44.04   147.873   38.4063     197.2     9.703   117.716   197.833         0         0   
     20.1     43.71   147.107   38.1765     195.5     8.944   118.361   197.529         0         0   
    20.35     43.38   146.379   37.9509     195.1     8.841   119.021   197.269         0         0   
    20.59     43.13   145.423   37.7163     194.6      8.61   119.645   196.838         0         0   
    20.84     42.97    144.75   37.4988     195.4     9.172   120.283   196.655         0         0   
    21.08     42.73   144.112   37.2726     195.3     9.699   120.887   196.461         0         0   
    21.33     42.09   143.322   37.0625     194.3     9.539   121.505   196.086         0         0   
    21.57     41.58   142.403   36.8439     196.6     9.873   122.088   195.628         0         0   
    21.82     41.09   141.712   36.6411     196.7     9.624   122.687   195.359         0         0   
    22.06     40.67   141.248   36.4299     197.9     8.457   123.252   195.252         0         0   
    22.31     40.37   140.575    36.234     198.4     9.086   123.831   195.034         0         0   
    22.55     40.08   139.795   36.0295     198.4     9.266   124.378   194.723         0         0   
     22.8      39.6   139.111     35.84     197.1     9.352   124.939   194.459         0         0   
    23.04     38.92   138.392   35.6423     197.9      9.94   125.469   194.113         0         0   
    23.29     38.12   137.533   35.4585     198.1     9.534   126.013   193.662         0         0   
    23.53     37.61    136.69   35.2672     200.5     8.595   126.526   193.265         0         0   
    23.78     37.18   135.945   35.0891     201.4     9.273   127.053   192.969         0         0   
    24.02     36.49   135.178   34.9036     201.8     10.47   127.551   192.594         0         0   
    24.27     35.42   134.251   34.7311       202     11.76   128.062   192.053         0         0   
    24.51     34.44   133.489   34.5511       200     11.21   128.545   191.633         0         0   
    24.76     33.89   132.822   34.3838     199.7     11.17   129.041   191.374         0         0   
       25     33.79   132.137   34.2093     201.2     11.93    129.51   191.167         0         0   
    25.25     33.78   131.327   34.0468     200.7     11.64    129.99   190.904         0         0   
     25.5     33.84   130.688   33.8866     199.5      12.5   130.464   190.771         0         0   
    25.74     33.84   129.967   33.7195     199.2     13.27   130.912   190.556         0         0   
    25.99     33.27   129.323   33.5638     202.2     11.14   131.372   190.306         0         0   
    26.23     32.82   128.488   33.4015     204.7     9.938   131.807   189.934         0         0   
    26.48      32.9   127.897   33.2501     205.2     10.58   132.253   189.833         0         0   
    26.72     33.12   127.189   33.0922     204.2     10.12   132.676   189.663         0         0   
    26.97     33.46   126.545   32.9452     199.4     13.15    133.11    189.57         0         0   
    27.21     33.67   125.768   32.7915     201.2     12.81   133.521   189.352         0         0   
    27.46     33.69   125.201   32.6483     199.1     10.93   133.942   189.253         0         0   
     27.7     33.61    124.52   32.4988     197.3      10.4   134.341   189.047         0         0   
    27.95     33.62   123.885   32.3595     195.4     16.96   134.751   188.899         0         0   
    28.19     33.93   123.168   32.2138     193.2     14.67   135.139   188.738         0         0   
    28.44     34.01    122.62   32.0782     191.2     13.27   135.538   188.658         0         0   
    28.68     34.31    121.97   31.9363     191.8     11.84   135.916   188.539         0         0   
    28.93     35.05   121.346    31.804     191.4     11.51   136.303    188.53         0         0   
    29.17     35.57   120.683   31.6658       192     11.47   136.671   188.444         0         0   
    29.42     35.68   120.157    31.537     191.9     12.69   137.048   188.381         0         0   
    29.66     35.52   119.539   31.4019     192.9     12.79   137.406   188.196         0         0   
    29.91     35.64   118.933   31.2762     194.3     9.752   137.773   188.082         0         0   
    30.15     35.96   118.321   31.1447     194.4     8.653   138.121    187.99         0         0   
     30.4     36.11   117.814   31.0221       194     10.42   138.479   187.944         0         0   
    30.64     36.53   117.259    30.901     193.4     8.903   138.818   187.908         0         0   
    30.89     37.06   116.641   30.7741     192.9     9.564   139.166   187.864         0         0   
    31.13     37.45   116.102   30.6557     192.8     11.28   139.496   187.833         0         0   
    31.38     37.88   115.588   30.5318     190.9     12.81   139.836   187.835         0         0   
    31.62     38.05   115.062   30.4162     188.2     13.66   140.158   187.767         0         0   
    31.87     37.55   114.466   30.2953     187.2     11.39   140.489   187.529         0         0   
    32.11     37.43   113.964   30.1824     187.7     9.738   140.802   187.417         0         0   
    32.36     37.64   113.469   30.0641     187.6     9.879   141.125   187.382         0         0   
     32.6     37.73   112.968   29.9537     187.1     8.119   141.431    187.31         0         0   
    32.85     37.64   112.396   29.8381     187.5     7.557   141.745   187.168         0         0   
    33.09     37.74   111.929   29.7301     191.1     7.335   142.043   187.116         0         0   
    33.34     38.23   111.456   29.6172     194.4     6.673    142.35   187.149         0         0   
    33.58     38.49    110.98   29.5117     193.6     6.189   142.641   187.124         0         0   
    33.83     38.32   110.432   29.4011     194.4      5.63   142.941   186.976         0         0   
    34.08     38.31   109.992   29.2979     193.4     5.955   143.236   186.925         0         0   
    34.32     38.61   109.535   29.1898     192.5     6.973   143.517   186.916         0         0   
    34.57     38.82    109.08   29.0887     191.6     7.477   143.805     186.9         0         0   
    34.81     38.78   108.554   28.9829     191.7     8.107   144.079    186.78         0         0   
    35.06     38.71   108.142   28.8839     189.9     7.506   144.361   186.728         0         0   
     35.3     38.85   107.702   28.7804     187.4      7.59   144.628   186.694         0         0   
    35.55     38.97   107.268   28.6834       188     9.015   144.903   186.668         0         0   
    35.79     38.93   106.792   28.5874     188.4     9.131   145.164   186.574         0         0   
    36.04     38.86   106.381   28.4871     189.1     8.324   145.433   186.519         0         0   
    36.28      38.7   105.982   28.3931     190.3     7.602   145.688   186.443         0         0   
    36.53     38.41   105.544   28.2947     190.2     7.568   145.951   186.325         0         0   
    36.77     38.24   105.088   28.2026     187.3     6.858     146.2   186.214         0         0   
    37.02     38.17   104.699   28.1062     188.6     7.081   146.456   186.167         0         0   
    37.26     38.09   104.315   28.0159     186.2     7.584     146.7   186.114         0         0   
    37.51     37.93   103.899   27.9212     180.3     8.319   146.951   186.032         0         0   
    37.75     37.73   103.464   27.8329     175.5     6.904   147.189   185.924         0         0   
       38     37.59   103.096     27.74     174.2     6.649   147.434   185.872         0         0   
    38.24     37.71   102.727   27.6534     171.7      6.74   147.667   185.863         0         0   
    38.49     37.73   102.331   27.5623     173.9     7.039   147.907   185.826         0         0   
    38.73     37.59   101.918   27.4773       177     6.417   148.135    185.74         0         0   
    38.98     37.76   101.569   27.3879     178.9     6.148    148.37   185.757         0         0   
    39.22      38.2   101.215   27.3046     182.2     7.286   148.592    185.82         0         0   
    39.47     38.31   100.839   27.2169     183.9     6.882   148.822   185.809         0         0   
    39.71     38.13   100.448    27.135       184     7.386    149.04   185.723         0         0   
    39.96     38.37   100.115    27.049     184.6     7.582   149.265    185.76         0         0   
     40.2     38.66   99.7757   26.9684     184.5     7.973   149.478   185.798         0         0   
    40.45     38.82    99.437   26.8888     185.5     7.479   149.698   185.815         0         0   
    40.69     38.71   99.0452   26.8052     186.9     7.822   149.907   185.739         0         0   
    40.94     38.72    98.746   26.7268     187.6     7.955   150.122   185.745         0         0   
    41.18      38.9   98.4006   26.6447       189     11.02   150.327   185.753         0         0   
    41.43      39.1   98.0795   26.5679     190.7     12.01   150.538   185.784         0         0   
    41.67     39.21   97.7071   26.4872     192.1     10.87   150.738   185.762         0         0   
    41.92     39.28   97.4189   26.4116     193.4     11.54   150.945   185.783         0         0   
    42.17     39.48   97.0886   26.3323     193.7     11.04   151.149   185.807         0         0   
    42.41     39.74   96.7819   26.2581     192.9     11.02   151.343    185.85         0         0   
    42.66     39.96   96.4272   26.1801     191.7     11.59   151.543   185.865         0         0   
     42.9        40   96.1508   26.1072     189.9     11.83   151.734   185.875         0         0   
    43.15     40.06   95.8331   26.0305     189.4     11.23    151.93   185.874         0         0   
    43.39     40.07   95.5416   25.9588     185.8     10.48   152.116   185.868         0         0   
    43.64     40.17   95.2029   25.8836     187.3     10.34   152.309   185.863         0         0   
    43.88     40.29   94.9366    25.813     187.4     10.51   152.491   185.893         0         0   
    44.13      40.2   94.6307    25.739     176.9     9.322    152.68   185.862         0         0   
    44.37     40.16   94.3518   25.6698     175.9     9.464   152.859   185.849         0         0   
    44.62     40.22   94.0299   25.5969       166     14.81   153.044   185.841         0         0   
    44.86     40.18   93.7721   25.5287     167.6     12.61    153.22   185.838         0         0   
    45.11     40.32    93.478    25.457     159.6     15.26   153.401   185.859         0         0   
    45.35     40.56   93.2109     25.39       162     15.45   153.573   185.911         0         0   
     45.6     40.85   92.9177   25.3234     176.6     16.58   153.751   185.965         0         0   
    45.84     41.15   92.6539   25.2535     163.7     15.17    153.92    186.03         0         0   
    46.09     41.39   92.3868    25.188     160.1     14.13   154.094   186.086         0         0   
    46.33     41.55   92.1147   25.1193     158.9     15.76    154.26   186.115         0         0   
    46.58     41.72   91.8358   25.0549     160.7     16.27   154.431   186.148         0         0   
    46.82      41.9   91.5788   24.9871     161.9     16.25   154.594   186.188         0         0   
    47.07     42.15   91.3218   24.9237       165     16.43   154.762   186.249         0         0   
    47.31     42.53   91.0597    24.857     166.2     16.13   154.922   186.331         0         0   
    47.56     42.93   90.7943   24.7945     166.5     17.64   155.086   186.422         0         0   
     47.8     43.34    90.544   24.7289     166.5     17.86   155.243   186.517         0         0   
    48.05     43.63   90.2971   24.6673     167.9     18.25   155.405   186.591         0         0   
    48.29      43.8    90.046   24.6028     167.5     18.86   155.559   186.629         0         0   
    48.54     44.02   89.7924   24.5421     169.9     19.24   155.718   186.683         0         0   
    48.78     44.32   89.5514   24.4786     170.7     18.73   155.869   186.756         0         0   
