!# Results of ROTMAS saved at 14-Oct-2007 (18:53:19)
!# User velocity         : Vu=V200*SQRT(((LN(1+C*R*0.75/V200))-(C*R*0.75/V200)/(1+C*R*0.75/V200))/((0.75*R/V200)*(LN(1+C)-(C/(1+C)))))
!# Total velocity        : Vt=SQRT(MG*VG*ABS(VG)+MD*VD*ABS(VD)+MB*VB*ABS(VB)+VU**2)
!# Chi-square            : 2029.54
!# Red. Chi-square (N=199,n=2) : 10.302247
!# Parameter name  :            C        V200          MB          MD          MG
!# Parameter value :     0.100000   450.136993     0.065913     1.000000     1.000000 
!# Parameter error :     0.000000    32.474777     0.020621     0.000000     0.000000 
!#
!# Radius |  vgas   |  vdisk  |  vbulge |  vobs   | err vobs|   Vu    |   Vt    |   Rxv   |   Vxy   |
!# kpc       km/s      km/s       km/s     km/s     km/s       km/s      km/s       kpc       km/s   
!#===================================================================================================
   0.2451    -1.062   26.8314   37.9312     60.64     62.78   9.69545   47.4508         0         0   
   0.4903    -2.029   50.1201   60.0378     124.6     12.33   13.7125   79.3755         0         0   
   0.7354    -2.566   71.9454   69.0502       149     7.544   16.7932   101.092         0         0   
   0.9806     1.311   90.8571   72.5788     161.1     6.672   19.3913     117.9         0         0   
    1.226     2.804   109.207   72.7557     166.2     6.364   21.6817   133.032         0         0   
    1.471    0.2885   125.667   71.0189     174.5     5.248   23.7489   146.287         0         0   
    1.716    -3.894   139.737   68.3491       180     3.958   25.6498    157.61         0         0   
    1.961    -5.307   150.895   65.2303     183.8     4.367    27.419   166.577         0         0   
    2.206    -6.157   159.319   61.9941     190.1     4.518   29.0807   173.302         0         0   
    2.451    -6.426   166.592    58.855     195.5      4.22   30.6522   179.207         0         0   
    2.697    -5.395   174.369   55.9428     199.9     4.152   32.1528   185.846         0         0   
    2.942    -3.136   183.314   53.2597     204.1     3.807   33.5805     193.8         0         0   
    3.187     -2.72   191.837   50.8369     206.5     3.867   34.9498   201.494         0         0   
    3.432    -3.748   199.077   48.6479     206.7     4.343   36.2674   208.085         0         0   
    3.677    -5.047   204.848   46.7037     203.3      4.51   37.5385   213.372         0         0   
    3.922    -6.278   208.923   44.9532       199     4.312   38.7679   217.102         0         0   
    4.167    -7.319   211.916   43.3835     196.2     4.013   39.9594   219.849         0         0   
    4.413    -8.597   214.425   41.9692     194.7     3.757   41.1208   222.163         0         0   
    4.658    -8.589   217.196   40.6863     194.6      3.65   42.2458   224.812         0         0   
    4.903    -5.776   219.639   39.5202     196.3     3.492   43.3414   227.263         0         0   
    5.148      3.49   221.667   38.4563       199     3.301   44.4098   229.346         0         0   
    5.393     7.105   223.509   37.4791       202     2.741   45.4531   231.252         0         0   
    5.638     9.695    225.16   36.5829     204.3     2.698   46.4728       233         0         0   
    5.883     11.33   226.134   35.7392     205.5      2.79   47.4705   234.085         0         0   
    6.129     12.04   226.593   34.9621     206.8     3.195   48.4515   234.647         0         0   
    6.374     12.95   226.713   34.2368     207.8     3.235   49.4091   234.904         0         0   
    6.619     14.56   227.054   33.5608     207.6     3.703   50.3483   235.429         0         0   
    6.864     17.15   227.047   32.9221     207.2      4.21   51.2703   235.705         0         0   
    7.109     18.92   226.877   32.3136     207.6     4.311   52.1758   235.791         0         0   
    7.354     19.23   226.622   31.7449     207.4     4.247   53.0659   235.693         0         0   
      7.6     19.82   226.336   31.2094     207.7     4.002   53.9446   235.595         0         0   
    7.845     20.85    225.99    30.698     208.3     3.953   54.8058   235.483         0         0   
     8.09     22.14   225.739    30.212     208.6     4.116   55.6535   235.496         0         0   
    8.335     23.58   225.646   29.7491     209.1     3.998   56.4883   235.686         0         0   
     8.58     24.57   225.234   29.3026     209.4     4.064    57.311   235.536         0         0   
    8.825     25.46   224.878   28.8826       209     4.121   58.1219   235.437         0         0   
     9.07      26.4   224.217   28.4785       209     3.714   58.9216    235.06         0         0   
    9.316     26.78   223.583   28.0916     208.6      3.69   59.7136   234.652         0         0   
    9.561      26.5   222.448   27.7201     208.2      3.61   60.4921   233.694         0         0   
    9.806     27.11   221.638   27.3614     208.2      3.45   61.2606   233.152         0         0   
    10.05     28.17   221.001   27.0182     208.3     3.333   62.0164   232.833         0         0   
     10.3     28.04    219.61   26.6877     208.7       3.9   62.7813   231.665         0         0   
    10.54     27.34   217.478   26.3696       209     4.891   63.5068   229.723         0         0   
    10.79     26.82   215.282   26.0644     209.4     6.195   64.2538   227.758         0         0   
    11.03     26.35   213.164   25.7645     210.2     6.576   64.9627    225.87         0         0   
    11.28     26.12   211.635   25.4785     210.1     7.379    65.693    224.58         0         0   
    11.52     26.74    210.04   25.2009     210.1      8.25   66.3864   223.325         0         0   
    11.77     27.88   208.993   24.9339     210.5     8.628    67.101   222.665         0         0   
    12.01     28.54   207.246   24.6738     211.3     9.362   67.7798   221.288         0         0   
    12.26     29.21   206.021   24.4219     211.6     10.05   68.4798   220.417         0         0   
     12.5     30.51   204.936   24.1775     211.5      10.3    69.145   219.762         0         0   
    12.75     32.22   203.879   23.9417     211.5     10.21    69.831   219.213         0         0   
    12.99     33.85   202.538   23.7115     210.8     9.522   70.4833   218.398         0         0   
    13.24     35.39   201.176   23.4877     210.2     9.327   71.1564   217.576         0         0   
    13.48     36.51   200.012   23.2704     209.4     9.498   71.7965   216.873         0         0   
    13.73     37.41   198.588   23.0601     208.3     9.231   72.4572   215.913         0         0   
    13.97     38.43   197.251   22.8544     208.9      9.22   73.0858   215.055         0         0   
    14.22     39.48    196.03   22.6496     209.4     9.137   73.7348   214.327         0         0   
    14.46     40.22   195.036   22.4601     209.6     9.175   74.3524   213.751         0         0   
    14.71     40.72   193.946   22.2646     209.2     9.041   74.9904   213.055         0         0   
    14.95     41.12   193.071   22.0846       209       8.8   75.5976   212.532         0         0   
     15.2     41.51    192.07    21.909     209.5     10.96    76.225   211.906         0         0   
    15.44     41.76   191.166   21.7275     207.4     9.044   76.8223   211.334         0         0   
    15.69     41.83   190.028   21.5602     205.3     8.569   77.4397   210.528         0         0   
    15.93     42.03   189.081   21.3872     204.8      9.14   78.0276   209.914         0         0   
    16.18     42.74   188.033   21.2276     202.3     8.973   78.6353   209.326         0         0   
    16.42     43.47   187.271   21.0625     200.2      9.13   79.2143   208.994         0         0   
    16.67     44.32    186.47   20.9101     199.3     9.015   79.8128   208.669         0         0   
    16.92     45.62   185.724   20.7523     198.4     9.072   80.4068   208.496         0         0   
    17.16     46.59   184.995   20.6065     199.5     7.881   80.9729   208.267         0         0   
    17.41     47.09   184.364   20.4554     200.9      6.88   81.5584   208.033         0         0   
    17.65      47.3   183.546   20.3158       202     6.141   82.1164   207.563         0         0   
     17.9     47.41   182.656    20.171     202.9     6.218   82.6936   207.017         0         0   
    18.14     47.39   181.714   20.0372     204.1      6.12   83.2439    206.39         0         0   
    18.39     47.15   180.774   19.8983     204.1     6.669   83.8133   205.725         0         0   
    18.63     47.03   179.651   19.7697     204.1     7.433   84.3562   204.922         0         0   
    18.88     46.73   178.755   19.6362     203.1     7.224   84.9179   204.288         0         0   
    19.12     46.16   177.977   19.5127     201.5     7.479   85.4537    203.69         0         0   
    19.37     45.52   177.224   19.3844     200.5     8.573   86.0082    203.11         0         0   
    19.61     44.84   176.338   19.2655       199      9.33   86.5371   202.399         0         0   
    19.86     44.04   175.493    19.142     197.2     9.703   87.0845   201.711         0         0   
     20.1     43.71   174.584   19.0275     195.5     8.944   87.6068   201.065         0         0   
    20.35     43.38    173.72    18.915     195.1     8.841   88.1475    200.47         0         0   
    20.59     43.13   172.585   18.7982     194.6      8.61   88.6634   199.651         0         0   
    20.84     42.97   171.787   18.6897     195.4     9.172   89.1976   199.155         0         0   
    21.08     42.73   171.029   18.5769     195.3     9.699   89.7073   198.669         0         0   
    21.33     42.09   170.092   18.4722     194.3     9.539   90.2352   197.956         0         0   
    21.57     41.58   169.001   18.3633     196.6     9.873    90.739   197.132         0         0   
    21.82     41.09   168.181   18.2622     196.7     9.624   91.2608   196.559         0         0   
    22.06     40.67   167.631    18.157     197.9     8.457   91.7589   196.223         0         0   
    22.31     40.37   166.832   18.0593     198.4     9.086   92.2748   195.713         0         0   
    22.55     40.08   165.906   17.9574     198.4     9.266   92.7674   195.088         0         0   
     22.8      39.6   165.094   17.8629     197.1     9.352   93.2776   194.535         0         0   
    23.04     38.92   164.241   17.7644     197.9      9.94   93.7648     193.9         0         0   
    23.29     38.12   163.222   17.6728     198.1     9.534   94.2695   193.116         0         0   
    23.53     37.61   162.221   17.5774     200.5     8.595   94.7514   192.398         0         0   
    23.78     37.18   161.337   17.4887     201.4     9.273   95.2508   191.809         0         0   
    24.02     36.49   160.427   17.3962     201.8     10.47   95.7277   191.141         0         0   
    24.27     35.42   159.327   17.3103       202     11.76    96.222   190.258         0         0   
    24.51     34.44   158.422   17.2206       200     11.21    96.694   189.552         0         0   
    24.76     33.89   157.631   17.1372     199.7     11.17   97.1832   189.035         0         0   
       25     33.79   156.818   17.0502     201.2     11.93   97.6504   188.574         0         0   
    25.25     33.78   155.856   16.9692     200.7     11.64   98.1348   188.017         0         0   
     25.5     33.84   155.098   16.8893     199.5      12.5   98.6167   187.646         0         0   
    25.74     33.84   154.243   16.8061     199.2     13.27    99.077   187.176         0         0   
    25.99     33.27   153.478   16.7284     202.2     11.14   99.5542    186.69         0         0   
    26.23     32.82   152.487   16.6475     204.7     9.938    100.01   186.034         0         0   
    26.48      32.9   151.786   16.5721     205.2     10.58   100.483   185.722         0         0   
    26.72     33.12   150.946   16.4934     204.2     10.12   100.935   185.314         0         0   
    26.97     33.46   150.181   16.4201     199.4     13.15   101.403   185.003         0         0   
    27.21     33.67   149.259   16.3435     201.2     12.81    101.85   184.533         0         0   
    27.46     33.69   148.586   16.2722     199.1     10.93   102.314   184.244         0         0   
     27.7     33.61   147.778   16.1976     197.3      10.4   102.758   183.819         0         0   
    27.95     33.62   147.025   16.1282     195.4     16.96   103.218   183.468         0         0   
    28.19     33.93   146.173   16.0556     193.2     14.67   103.657   183.086         0         0   
    28.44     34.01   145.523    15.988     191.2     13.27   104.113   182.835         0         0   
    28.68     34.31   144.752   15.9173     191.8     11.84   104.548   182.521         0         0   
    28.93     35.05   144.011   15.8514     191.4     11.51       105   182.329         0         0   
    29.17     35.57   143.224   15.7825       192     11.47   105.432   182.053         0         0   
    29.42     35.68     142.6   15.7182     191.9     12.69    105.88   181.839         0         0   
    29.66     35.52   141.867    15.651     192.9     12.79   106.308   181.478         0         0   
    29.91     35.64   141.147   15.5884     194.3     9.752   106.752   181.195         0         0   
    30.15     35.96   140.421   15.5228     194.4     8.653   107.177   180.939         0         0   
     30.4     36.11    139.82   15.4617       194     10.42   107.617    180.76         0         0   
    30.64     36.53   139.161   15.4013     193.4     8.903   108.038   180.582         0         0   
    30.89     37.06   138.428    15.338     192.9     9.564   108.475   180.383         0         0   
    31.13     37.45   137.788    15.279     192.8     11.28   108.893    180.22         0         0   
    31.38     37.88   137.178   15.2173     190.9     12.81   109.326   180.101         0         0   
    31.62     38.05   136.554   15.1597     188.2     13.66   109.741    179.91         0         0   
    31.87     37.55   135.846   15.0994     187.2     11.39    110.17   179.526         0         0   
    32.11     37.43    135.25   15.0431     187.7     9.738   110.582   179.299         0         0   
    32.36     37.64   134.663   14.9842     187.6     9.879   111.008    179.16         0         0   
     32.6     37.73   134.068   14.9292     187.1     8.119   111.416   178.981         0         0   
    32.85     37.64    133.39   14.8716     187.5     7.557   111.839   178.715         0         0   
    33.09     37.74   132.835   14.8178     191.1     7.335   112.244   178.572         0         0   
    33.34     38.23   132.274   14.7615     194.4     6.673   112.664   178.519         0         0   
    33.58     38.49   131.709   14.7089     193.6     6.189   113.066   178.407         0         0   
    33.83     38.32   131.059   14.6538     194.4      5.63   113.483   178.152         0         0   
    34.08     38.31   130.537   14.6023     193.4     5.955   113.898   178.027         0         0   
    34.32     38.61   129.994   14.5484     192.5     6.973   114.296   177.945         0         0   
    34.57     38.82   129.454    14.498     191.6     7.477   114.708   177.858         0         0   
    34.81     38.78    128.83   14.4453     191.7     8.107   115.103   177.647         0         0   
    35.06     38.71   128.341    14.396     189.9     7.506   115.512   177.539         0         0   
     35.3     38.85   127.819   14.3443     187.4      7.59   115.904   177.444         0         0   
    35.55     38.97   127.304   14.2961       188     9.015    116.31   177.362         0         0   
    35.79     38.93   126.739   14.2482     188.4     9.131   116.699     177.2         0         0   
    36.04     38.86   126.251   14.1982     189.1     8.324   117.103   177.099         0         0   
    36.28      38.7   125.777   14.1514     190.3     7.602   117.489   176.979         0         0   
    36.53     38.41   125.258   14.1023     190.2     7.568    117.89    176.81         0         0   
    36.77     38.24   124.717   14.0564     187.3     6.858   118.273   176.643         0         0   
    37.02     38.17   124.255   14.0083     188.6     7.081   118.671   176.565         0         0   
    37.26     38.09   123.799   13.9633     186.2     7.584   119.052   176.481         0         0   
    37.51     37.93   123.305   13.9162     180.3     8.319   119.448   176.364         0         0   
    37.75     37.73   122.789   13.8721     175.5     6.904   119.826   176.214         0         0   
       38     37.59   122.353   13.8259     174.2     6.649   120.219   176.145         0         0   
    38.24     37.71   121.914   13.7827     171.7      6.74   120.595   176.119         0         0   
    38.49     37.73   121.444   13.7373     173.9     7.039   120.985   176.063         0         0   
    38.73     37.59   120.954   13.6949       177     6.417   121.358   175.949         0         0   
    38.98     37.76    120.54   13.6504     178.9     6.148   121.746   175.966         0         0   
    39.22      38.2    120.12   13.6088     182.2     7.286   122.117   176.028         0         0   
    39.47     38.31   119.674   13.5651     183.9     6.882   122.502   176.012         0         0   
    39.71     38.13    119.21   13.5243       184     7.386   122.871   175.912         0         0   
    39.96     38.37   118.815   13.4815     184.6     7.582   123.253   175.961         0         0   
     40.2     38.66   118.412   13.4413     184.5     7.973    123.62   176.007         0         0   
    40.45     38.82    118.01   13.4016     185.5     7.479       124   176.037         0         0   
    40.69     38.71   117.545   13.3599     186.9     7.822   124.364   175.955         0         0   
    40.94     38.72    117.19   13.3209     187.6     7.955   124.742   175.985         0         0   
    41.18      38.9    116.78   13.2799       189     11.02   125.104   176.006         0         0   
    41.43      39.1   116.399   13.2416     190.7     12.01    125.48   176.062         0         0   
    41.67     39.21   115.957   13.2014     192.1     10.87   125.839   176.049         0         0   
    41.92     39.28   115.615   13.1638     193.4     11.54   126.213   176.104         0         0   
    42.17     39.48   115.223   13.1242     193.7     11.04   126.585   176.156         0         0   
    42.41     39.74   114.859   13.0872     192.9     11.02   126.941   176.231         0         0   
    42.66     39.96   114.438   13.0484     191.7     11.59   127.311   176.271         0         0   
     42.9        40    114.11    13.012     189.9     11.83   127.666    176.32         0         0   
    43.15     40.06   113.733   12.9739     189.4     11.23   128.033   176.354         0         0   
    43.39     40.07   113.387   12.9381     185.8     10.48   128.386   176.387         0         0   
    43.64     40.17   112.985   12.9006     187.3     10.34   128.751   176.416         0         0   
    43.88     40.29   112.669   12.8654     187.4     10.51   129.102   176.495         0         0   
    44.13      40.2   112.306   12.8285     176.9     9.322   129.465   176.506         0         0   
    44.37     40.16   111.975    12.794     175.9     9.464   129.813    176.54         0         0   
    44.62     40.22   111.593   12.7577       166     14.81   130.175   176.576         0         0   
    44.86     40.18   111.287   12.7237     167.6     12.61   130.521   176.626         0         0   
    45.11     40.32   110.938    12.688     159.6     15.26   130.881   176.702         0         0   
    45.35     40.56   110.621   12.6546       162     15.45   131.225   176.811         0         0   
     45.6     40.85   110.273   12.6214     176.6     16.58   131.583   176.924         0         0   
    45.84     41.15    109.96   12.5866     163.7     15.17   131.925   177.051         0         0   
    46.09     41.39   109.643   12.5539     160.1     14.13    132.28   177.173         0         0   
    46.33     41.55    109.32   12.5196     158.9     15.76   132.621   177.263         0         0   
    46.58     41.72   108.989   12.4875     160.7     16.27   132.975   177.362         0         0   
    46.82      41.9   108.684   12.4538     161.9     16.25   133.313   177.469         0         0   
    47.07     42.15   108.379   12.4222       165     16.43   133.665   177.604         0         0   
    47.31     42.53   108.068   12.3889     166.2     16.13   134.002   177.757         0         0   
    47.56     42.93   107.753   12.3578     166.5     17.64   134.352   177.923         0         0   
     47.8     43.34   107.456   12.3251     166.5     17.86   134.687   178.094         0         0   
    48.05     43.63   107.163   12.2944     167.9     18.25   135.035    178.25         0         0   
    48.29      43.8   106.865   12.2622     167.5     18.86   135.368   178.363         0         0   
    48.54     44.02   106.564    12.232     169.9     19.24   135.714   178.498         0         0   
    48.78     44.32   106.278   12.2003     170.7     18.73   136.046   178.652         0         0   
