!# Results of ROTMAS saved at 14-Oct-2007 (20:00:36)
!# User velocity         : Vu=V200*SQRT(((LN(1+C*R*0.75/V200))-(C*R*0.75/V200)/(1+C*R*0.75/V200))/((0.75*R/V200)*(LN(1+C)-(C/(1+C)))))
!# Total velocity        : Vt=SQRT(MG*VG*ABS(VG)+MD*VD*ABS(VD)+MB*VB*ABS(VB)+VU**2)
!# Chi-square            : 204.336
!# Red. Chi-square (N=207,n=4) : 1.006581
!# Parameter name  :            C        V200          MB          MD          MG
!# Parameter value :     3.245600   281.385986     0.585770     0.819609     1.000000 
!# Parameter error :     2.634810   183.212753     0.051694     0.060864     0.000000 
!#
!# Radius |  vgas   |  vdisk  |  vbulge |  vobs   | err vobs|   Vu    |   Vt    |   Rxv   |   Vxy   |
!# kpc       km/s      km/s       km/s     km/s     km/s       km/s      km/s       kpc       km/s   
!#===================================================================================================
    1.375    -7.657   82.5518   85.3824     138.1     5.747   46.9873   127.492         0         0   
    1.461    -7.617   86.1094   82.3883     141.7     3.671   48.4106   128.407         0         0   
    1.547    -7.348   89.5141   79.7164     122.3     11.17   49.7907   129.586         0         0   
    1.633    -7.132   92.7693   77.8773     126.6     5.671   51.1309    131.28         0         0   
    1.718    -7.325   95.8601   75.7334     123.9     6.141   52.4194   132.736         0         0   
    1.804    -8.059   98.8603   73.5616     141.8     7.048   53.6891   134.172         0         0   
     1.89    -14.31   101.736   72.1365     140.2     5.836   54.9271   135.521         0         0   
    1.976    -8.463   104.494   70.4546     128.5     5.509   56.1354   137.704         0         0   
    2.062    -7.927   107.142   69.0814     135.9     7.352    57.316   139.549         0         0   
    2.148     -8.64   109.686   67.5382     138.1     11.54   58.4705   141.197         0         0   
    2.234    -8.453   112.131   66.0812     147.8     9.385   59.6004   142.902         0         0   
     2.32    -8.142   114.491   64.9871     141.3     8.421   60.7072   144.743         0         0   
    2.406    -8.613   116.745   63.7754     143.3     9.624    61.792   146.427         0         0   
    2.492    -9.456    118.91   62.4539     150.8     7.577   62.8561   147.991         0         0   
    2.578    -10.34   120.996   61.5691       147     8.321   63.9004    149.69         0         0   
    2.664     -11.1   122.998   60.5404     149.2     8.067   64.9259   151.281         0         0   
     2.75     -10.7   124.915   59.3786       151     6.582   65.9336   152.847         0         0   
    2.835    -9.515   126.728   58.6769     147.6     6.217   66.9127   154.563         0         0   
    2.921    -7.966   128.498   57.7222     147.8      6.39   67.8871   156.169         0         0   
    3.007    -7.001   130.191   56.7319     152.1     4.363   68.8458   157.667         0         0   
    3.093    -7.304   131.814    56.175     149.8     4.352   69.7896    159.21         0         0   
    3.179    -7.398   133.375    55.262     150.8     3.955   70.7189    160.59         0         0   
    3.265    -7.927    134.87    54.641     151.8     4.043   71.6345       162         0         0   
    3.351    -7.851   136.305   53.9289     154.9     4.853   72.5367   163.363         0         0   
    3.437    -6.541   137.685   53.0978     157.1     4.688   73.4261   164.697         0         0   
    3.523    -6.029   138.994   52.5942     157.4     5.081   74.3032   166.043         0         0   
    3.609    -6.392   140.244   51.9031     157.5     5.578   75.1684   167.247         0         0   
    3.695    -7.261   141.441    51.174     158.3     6.302    76.022   168.378         0         0   
    3.781    -5.604   142.592   50.7763     163.6     6.161   76.8646   169.669         0         0   
    3.867     3.573   143.686   50.0942     167.1     5.314   77.6964   170.894         0         0   
    3.952     6.228   144.712   49.4562     166.4     5.368   78.5084   172.017         0         0   
    4.038      8.18   145.708   49.1043     167.8     5.464   79.3198   173.207         0         0   
    4.124     11.04   146.673   48.4728     167.9     6.496   80.1216   174.367         0         0   
     4.21      12.3   147.577   47.8921     170.7     5.648   80.9138   175.416         0         0   
    4.296     12.45   148.436    47.562     173.6     5.524   81.6968   176.422         0         0   
    4.382     11.37   149.258   46.9952     174.8     5.122    82.471   177.249         0         0   
    4.468     8.945    150.03   46.4638     177.9      6.07   83.2364   177.978         0         0   
    4.554     7.255   150.768    46.159     181.7     5.013   83.9934   178.799         0         0   
     4.64     7.288    151.47   45.6472     183.1     5.543   84.7422   179.614         0         0   
    4.726     8.444   152.124   45.3759       183     4.622   85.4831   180.498         0         0   
    4.812     9.065   152.742   44.8755     183.7     5.871   86.2161   181.272         0         0   
    4.898     8.787   153.336   44.4109     187.8     6.737   86.9416    181.99         0         0   
    4.983     9.515   153.899   44.1569     189.4     6.262   87.6514   182.779         0         0   
    5.069     10.91   154.422   43.7005     191.6     6.035   88.3624   183.529         0         0   
    5.155     12.69   154.908   43.2763     191.7     5.693   89.0663   184.291         0         0   
    5.241     14.92   155.372   43.0278     192.9     5.564   89.7634   185.127         0         0   
    5.327     16.39   155.801   42.6097     194.4     5.605   90.4538   185.849         0         0   
    5.413     16.47   156.192   42.2169     194.6     5.909   91.1377   186.428         0         0   
    5.499     16.42   156.561   41.9825     194.9     5.745   91.8151   187.012         0         0   
    5.585     15.76   156.902   41.5979     196.7     6.031   92.4864   187.486         0         0   
    5.671     15.02   157.214   41.2297     198.9     6.587   93.1515   187.933         0         0   
    5.757     15.23   157.509   41.0111     201.9      6.26   93.8106   188.476         0         0   
    5.843     16.14    157.78   40.6561     199.8      6.18   94.4639   189.027         0         0   
    5.929     16.73   158.012   40.4547     198.7     6.576   95.1115   189.554         0         0   
    6.015     17.49   158.226   40.1054     199.9     5.679   95.7534   190.049         0         0   
      6.1     17.91   158.426   39.7802     200.4     5.955   96.3825   190.504         0         0   
    6.186     18.88   158.595   39.5862     199.4     6.751   97.0136   191.017         0         0   
    6.272     19.92   158.734   39.2614     199.8     6.898   97.6395   191.489         0         0   
    6.358     20.81   158.862   38.9559     201.4     7.525   98.2602   191.945         0         0   
    6.444     21.96   158.979   38.7685     200.1      7.52   98.8758   192.448         0         0   
     6.53     23.74   159.062   38.4659     199.7     7.802   99.4865    192.98         0         0   
    6.616     25.22   159.132   38.1774     198.8     7.609   100.092   193.481         0         0   
    6.702      26.5   159.187   38.0003     199.9     7.749   100.693   193.974         0         0   
    6.788     27.47   159.217   37.7177     199.4     8.324    101.29   194.389         0         0   
    6.874     28.61    159.23   37.4431     200.5       8.1   101.881   194.819         0         0   
     6.96     29.94   159.234   37.2767     202.5     8.799   102.468   195.298         0         0   
    7.046     31.05   159.222   37.0121     201.7      8.21   103.051   195.717         0         0   
    7.132     31.73   159.184   36.8551     203.2     7.995   103.629    196.07         0         0   
    7.217      32.1   159.132   36.5964     201.2     7.673   104.197   196.341         0         0   
    7.303     32.17   159.078   36.3481     200.2     7.678   104.767   196.565         0         0   
    7.389     31.59   158.991   36.1961     197.8     7.292   105.332   196.675         0         0   
    7.475     30.54   158.891   35.9498     194.9      6.24   105.894   196.685         0         0   
    7.561     30.17   158.793   35.7164     199.5     6.997   106.451   196.807         0         0   
    7.647     30.55   158.685   35.5688     201.2     7.375   107.005   197.052         0         0   
    7.733     30.57   158.552   35.3369     198.7     6.557   107.555   197.205         0         0   
    7.819     30.92   158.408   35.1132       199     6.094   108.101   197.403         0         0   
    7.905     31.45    158.26   34.9736     199.2     6.038   108.643   197.641         0         0   
    7.991     31.64   158.088   34.7546     198.9     6.134   109.181   197.791         0         0   
    8.077     31.88   157.907   34.5395     198.5     11.29   109.716   197.943         0         0   
    8.163     32.69   157.727   34.4077     199.9     7.004   110.247   198.204         0         0   
    8.249     34.27   157.535   34.2007     198.3     10.62   110.775   198.576         0         0   
    8.334     35.44   157.328   33.9958     196.9     6.434   111.293   198.871         0         0   
     8.42     35.71   157.111    33.871     195.6     8.155   111.813   199.019         0         0   
    8.506     35.46   156.891   33.6751       196     6.057   112.331   199.059         0         0   
    8.592     35.45   156.652   33.5516     194.5      5.64   112.845   199.138         0         0   
    8.678     35.86   156.405   33.3568     196.6     5.154   113.355   199.275         0         0   
    8.764     36.49   156.162   33.1707     197.2     4.741   113.863   199.457         0         0   
     8.85     36.65   155.912   33.0508       198     5.456   114.367   199.559         0         0   
    8.936     36.51   155.647   32.8658     201.4     5.262   114.868   199.584         0         0   
    9.022     36.19   155.372   32.6857       204     4.423   115.366    199.57         0         0   
    9.108     36.51    155.09    32.572     205.4      4.75   115.861   199.676         0         0   
    9.194     37.67   154.797   32.3961     203.8     4.243   116.353   199.922         0         0   
     9.28     38.25   154.503   32.2216     203.6     3.749   116.842   200.061         0         0   
    9.366     37.87    154.21   32.1138     203.8     3.786   117.328    200.03         0         0   
    9.451     37.61   153.914   31.9482     202.8      3.26   117.805   200.007         0         0   
    9.537     37.55   153.606   31.7788     201.1     8.612   118.285   200.015         0         0   
    9.623     37.19   153.293   31.6765       201     3.864   118.763   199.975         0         0   
    9.709     36.77   152.971   31.5168     200.3     3.586   119.237   199.907         0         0   
    9.795     36.58   152.639    31.414     199.9     3.605   119.709   199.885         0         0   
    9.881     36.23   152.309   31.2549     200.4     5.264   120.178   199.826         0         0   
    9.967     35.97   151.978   31.1017     199.9     5.602   120.645   199.784         0         0   
    10.05     36.02   151.655   31.0076     199.5     5.143   121.092   199.804         0         0   
    10.14     36.17   151.296   30.8484       197     4.451   121.575   199.827         0         0   
    10.22     36.19   150.973   30.7101     196.3      3.93   122.001   199.824         0         0   
    10.31     35.65   150.605   30.6079     196.5     9.657   122.478   199.726         0         0   
     10.4     35.16   150.232   30.4559     198.9     4.174   122.953   199.627         0         0   
    10.48        35     149.9   30.3207     197.2     3.581   123.372   199.587         0         0   
    10.57     34.99   149.529   30.2237     197.4     4.198   123.841   199.583         0         0   
    10.65     35.17   149.193   30.0941     198.6     4.361   124.256   199.601         0         0   
    10.74     35.46   148.809   29.9459     199.1     3.646   124.721   199.633         0         0   
    10.83     35.53   148.419   29.8537     195.3     4.298   125.182    199.63         0         0   
    10.91     35.41   148.068   29.7297     195.6     3.791    125.59   199.587         0         0   
       11     35.06   147.672   29.6363     193.5     3.689   126.047   199.505         0         0   
    11.08      34.9    147.32   29.5125     192.2      3.64   126.451   199.455         0         0   
    11.17     35.13   146.928   29.3774     191.2     4.291   126.903   199.472         0         0   
    11.26     34.83   146.529   29.2869     192.2     4.517   127.352     199.4         0         0   
    11.34     34.39   146.174   29.1681     192.9     4.042    127.75     199.3         0         0   
    11.43     33.97    145.77    29.036     192.7     4.255   128.195   199.198         0         0   
    11.51     33.62   145.406   28.9643     192.9      4.05   128.588   199.115         0         0   
     11.6      33.2   144.997   28.8358     192.2     8.194   129.028   199.013         0         0   
    11.69     33.07    144.59   28.7063     194.2     4.327   129.467   198.961         0         0   
    11.77     33.36   144.231   28.6382     195.2     3.999   129.854   198.992         0         0   
    11.86     33.98   143.823   28.5147     195.4     3.728   130.288   199.067         0         0   
    11.94     34.01   143.458   28.4018     195.7     4.102   130.671   199.044         0         0   
    12.03     33.81   143.044    28.323     197.4     4.359   131.101   198.983         0         0   
    12.12     34.19   142.626   28.2043     200.1      3.97   131.528   199.013         0         0   
     12.2     34.64   142.259   28.0932     200.5     4.188   131.905   199.062         0         0   
    12.29     35.25   141.845   28.0182     200.1     4.991   132.328   199.144         0         0   
    12.37     35.82    141.48   27.9155     199.9     4.218   132.703   199.221         0         0   
    12.46      36.3   141.067   27.8374     201.6     3.921   133.122   199.284         0         0   
    12.54     36.69   140.698   27.7357     200.8      4.08   133.492   199.328         0         0   
    12.63     37.25   140.281   27.6256     200.3     4.218   133.907     199.4         0         0   
    12.72      37.7   139.861   27.5277     199.7     4.134    134.32   199.455         0         0   
     12.8     38.15   139.488   27.4415     198.4      8.26   134.685   199.513         0         0   
    12.89      38.2   139.073   27.3455     201.6     4.112   135.094   199.496         0         0   
    12.97      37.9   138.704    27.261     201.4     3.925   135.456   199.416         0         0   
    13.06     37.31   138.289   27.1669     200.6     4.102   135.861   199.279         0         0   
    13.15     36.92   137.872   27.0737     200.6     4.681   136.265    199.18         0         0   
    13.23     37.21   137.501   26.9917     202.2     6.876   136.621   199.211         0         0   
    13.32     38.26   137.088   26.9003     202.2      7.29   137.021   199.387         0         0   
     13.4     38.83   136.725   26.8198       202     10.02   137.374   199.481         0         0   
    13.49     39.19    136.32   26.7301     202.5     8.758    137.77   199.535         0         0   
    13.58     40.07   135.917   26.6414       205     6.467   138.164   199.695         0         0   
    13.66     40.72   135.558   26.5632     206.5     6.636   138.513   199.813         0         0   
    13.75        41   135.151   26.4761     206.4     9.865   138.903   199.855         0         0   
    13.83     41.46    134.79   26.3994     208.9     8.049   139.249   199.936         0         0   
    13.92      42.3   134.382   26.3139     207.9     9.464   139.636   200.096         0         0   
    14.01     43.21   133.976   26.2292     210.2     9.318   140.021   200.276         0         0   
    14.09     44.02   133.618   26.1546     210.9     9.774   140.362   200.442         0         0   
    14.18     44.82   133.218   26.0714     212.6     10.26   140.744    200.61         0         0   
    14.26     45.27   132.865   25.9982     215.3     11.28   141.082   200.705         0         0   
    14.35     45.19   132.464   25.9165     215.2     11.67    141.46   200.678         0         0   
    14.43     45.02   132.107   25.8445     216.9     10.92   141.795   200.632         0         0   
    14.52     44.94   131.708   25.7643     212.7     10.76   142.171   200.606         0         0   
    14.61        45   131.311   25.6847     214.1      7.61   142.544   200.614         0         0   
    14.69     45.25   130.958   25.6147     213.4      10.5   142.875   200.666         0         0   
    14.78     45.21   130.566   25.5366     213.9     6.131   143.245   200.655         0         0   
    14.86     45.06   130.221   25.4678       211     8.835   143.573   200.623         0         0   
    14.95     45.22   129.829   25.3909     205.4     8.219    143.94   200.658         0         0   
    15.04     45.34   129.438   25.3148     206.1     9.949   144.306   200.686         0         0   
    15.12     45.32   129.091   25.2477     210.8      10.8   144.629   200.683         0         0   
    15.21     45.01   128.705   25.1729     206.8     8.453   144.992   200.617         0         0   
    15.29     44.43   128.362    25.107     195.3     7.883   145.313   200.492         0         0   
    15.38     43.66   127.981   25.0333     199.6     9.059   145.673   200.331         0         0   
    15.47     43.11   127.604   24.9604     202.6     7.511   146.031   200.223         0         0   
    15.55     42.94   127.267    24.896       199     6.949   146.348   200.195         0         0   
    15.64     42.84   126.886   24.8243     206.2     5.103   146.703   200.183         0         0   
    15.72     42.79   126.552    24.761       203     7.981   147.017   200.184         0         0   
    15.81      42.9   126.178   24.6905     205.4     6.795   147.369   200.222         0         0   
     15.9     43.12   125.804   24.6204     199.9     6.257    147.72   200.283         0         0   
    15.98     43.53   125.476   24.5587     194.3     6.496    148.03   200.388         0         0   
    16.07     43.68   125.113   24.4899     194.1     7.457   148.378   200.442         0         0   
    16.15     43.56   124.791   24.4291     193.4     7.571   148.686   200.436         0         0   
    16.24     43.49   124.426   24.3613     191.3     10.01   149.031   200.442         0         0   
    16.33     43.39   124.064   24.2941     193.8     7.054   149.375   200.443         0         0   
    16.41     43.46   123.743   24.2347       186     6.658   149.679    200.48         0         0   
     16.5     43.58   123.384   24.1685     186.8      8.83    150.02   200.532         0         0   
    16.58     43.35    123.07   24.1102     188.5     12.67   150.322   200.508         0         0   
    16.67     43.02   122.723   24.0449       190     15.34    150.66    200.47         0         0   
    16.75      43.1   122.417   23.9874     189.7     16.05    150.96   200.519         0         0   
    16.84     43.52   122.067   23.9232     200.8     15.56   151.296   200.642         0         0   
    16.93     43.54   121.722   23.8596     189.2     16.63    151.63   200.681         0         0   
    17.01     43.26   121.416   23.8033     184.7     18.35   151.926   200.653         0         0   
     17.1     42.98   121.075   23.7406     203.3     14.91   152.258    200.63         0         0   
    17.18     42.75   120.776   23.6852       209     16.37   152.551   200.617         0         0   
    17.27     42.91    120.45   23.6235     224.3     16.59    152.88   200.699         0         0   
    17.36        43   120.128   23.5621     212.3     17.39   153.208   200.768         0         0   
    17.44     42.97   119.835    23.508     203.8     18.95   153.499   200.802         0         0   
    17.53     42.92   119.509   23.4475     223.2     21.79   153.824   200.839         0         0   
    17.61     42.82    119.22   23.3943     194.5      19.8   154.112    200.86         0         0   
     17.7     42.67   118.901   23.3346     193.9      20.6   154.435    200.88         0         0   
    17.79      42.5   118.585   23.2755     190.6     19.88   154.757   200.898         0         0   
    17.87     42.47   118.328   23.2234     192.4     19.08   155.042   200.954         0         0   
    17.96     42.48   118.035    23.165     196.3     19.11   155.361   201.023         0         0   
    18.04     42.72   117.765   23.1137     191.8     17.43   155.644   201.129         0         0   
    18.13     43.13   117.441   23.0561     194.8     18.61    155.96   201.266         0         0   
    18.22     43.02   117.263   22.9992     198.4     18.17   156.276   201.376         0         0   
     18.3     42.85   117.042   22.9488     220.3     18.81   156.556   201.423         0         0   
    18.39     42.65   116.732   22.8926     214.4     18.84   156.869   201.438         0         0   
    18.47     42.56   116.546    22.843     200.8     17.88   157.146   201.522         0         0   
    18.56     42.59    116.29   22.7875     199.4     17.59   157.458   201.617         0         0   
    18.65     42.81   116.035   22.7325     200.4     16.81   157.767   201.753         0         0   
    18.73     43.13   115.863   22.6839     196.3      17.5   158.042   201.931         0         0   
    18.82     43.25   115.684   22.6295     205.8     11.38    158.35   202.089         0         0   
     18.9     43.29   115.493   22.5815     191.3     22.98   158.622   202.197         0         0   
    18.99     43.39   115.306    22.528     193.1     16.99   158.927   202.345         0         0   
    19.16     43.57   115.277   22.4278     199.2     16.97   159.501   202.807         0         0   
