!# Results of ROTMAS saved at 12-May-2008 (13:14:53)
!# User velocity         : Vu=V200*SQRT(((LN(1+C*R*0.75/V200))-(C*R*0.75/V200)/(1+C*R*0.75/V200))/((0.75*R/V200)*(LN(1+C)-(C/(1+C)))))
!# Total velocity        : Vt=SQRT(MG*VG*ABS(VG)+MD*VD*ABS(VD)+MB*VB*ABS(VB)+VU**2)
!# Chi-square            : 212.272
!# Red. Chi-square (N=207,n=2) : 1.035472
!# Parameter name  :            C        V200          MB          MD          MG
!# Parameter value :     6.162230   183.781006     0.710000     0.710000     1.000000 
!# Parameter error :     0.465365    11.082539     0.000000     0.000000     0.000000 
!#
!# Radius |  vgas   |  vdisk  |  vbulge |  vobs   | err vobs|   Vu    |   Vt    |   Rxv   |   Vxy   |
!# kpc       km/s      km/s       km/s     km/s     km/s       km/s      km/s       kpc       km/s   
!#===================================================================================================
    1.375    -7.657   76.8338   94.0013     138.1     5.747   55.6984   133.354         0         0   
    1.461    -7.617    80.145    90.705     141.7     3.671   57.3337   133.715         0         0   
    1.547    -7.348   83.3139   87.7634     122.3     11.17   58.9148    134.39         0         0   
    1.633    -7.132   86.3436   85.7386     126.6     5.671   60.4461    135.68         0         0   
    1.718    -7.325   89.2203   83.3783     123.9     6.141   61.9143   136.718         0         0   
    1.804    -8.059   92.0127   80.9873     141.8     7.048   63.3572   137.748         0         0   
     1.89    -14.31   94.6889   79.4183     140.2     5.836   64.7602   138.789         0         0   
    1.976    -8.463   97.2563   77.5667     128.5     5.509   66.1258   140.629         0         0   
    2.062    -7.927    99.721   76.0548     135.9     7.352   67.4565   142.183         0         0   
    2.148     -8.64   102.089   74.3558     138.1     11.54   68.7542   143.539         0         0   
    2.234    -8.453   104.365   72.7518     147.8     9.385   70.0209    144.97         0         0   
     2.32    -8.142    106.56   71.5472     141.3     8.421   71.2582    146.58         0         0   
    2.406    -8.613   108.659   70.2132     143.3     9.624   72.4677   148.034         0         0   
    2.492    -9.456   110.673   68.7583     150.8     7.577   73.6509    149.37         0         0   
    2.578    -10.34   112.615   67.7842       147     8.321    74.809   150.885         0         0   
    2.664     -11.1   114.479   66.6517     149.2     8.067   75.9432   152.289         0         0   
     2.75     -10.7   116.262   65.3726       151     6.582   77.0546   153.667         0         0   
    2.835    -9.515    117.95      64.6     147.6     6.217   78.1317    155.24         0         0   
    2.921    -7.966   119.597    63.549     147.8      6.39   79.2008   156.689         0         0   
    3.007    -7.001   121.173   62.4587     152.1     4.363   80.2498   158.035         0         0   
    3.093    -7.304   122.684   61.8456     149.8     4.352   81.2797   159.466         0         0   
    3.179    -7.398   124.137   60.8404     150.8     3.955   82.2912   160.713         0         0   
    3.265    -7.927   125.528   60.1567     151.8     4.043    83.285   162.017         0         0   
    3.351    -7.851   126.864   59.3728     154.9     4.853   84.2617   163.273         0         0   
    3.437    -6.541   128.148   58.4578     157.1     4.688   85.2221   164.497         0         0   
    3.523    -6.029   129.367   57.9033     157.4     5.081   86.1666   165.761         0         0   
    3.609    -6.392   130.529   57.1424     157.5     5.578   87.0958   166.877         0         0   
    3.695    -7.261   131.644   56.3398     158.3     6.302   88.0102   167.921         0         0   
    3.781    -5.604   132.715   55.9019     163.6     6.161   88.9104   169.151         0         0   
    3.867     3.573   133.734    55.151     167.1     5.314   89.7968   170.302         0         0   
    3.952     6.228   134.689   54.4485     166.4     5.368   90.6597   171.358         0         0   
    4.038      8.18   135.616   54.0611     167.8     5.464   91.5199   172.502         0         0   
    4.124     11.04   136.514   53.3658     167.9     6.496   92.3675   173.602         0         0   
     4.21      12.3   137.355   52.7265     170.7     5.648   93.2029   174.598         0         0   
    4.296     12.45   138.154   52.3631     173.6     5.524   94.0264   175.569         0         0   
    4.382     11.37   138.919   51.7392     174.8     5.122   94.8385    176.35         0         0   
    4.468     8.945   139.638   51.1541     177.9      6.07   95.6393   177.038         0         0   
    4.554     7.255   140.325   50.8185     181.7     5.013   96.4293   177.834         0         0   
     4.64     7.288   140.978   50.2551     183.1     5.543   97.2087   178.614         0         0   
    4.726     8.444   141.587   49.9564       183     4.622   97.9778   179.481         0         0   
    4.812     9.065   142.163   49.4055     183.7     5.871   98.7368   180.228         0         0   
    4.898     8.787   142.715    48.894     187.8     6.737   99.4861   180.923         0         0   
    4.983     9.515   143.239   48.6143     189.4     6.262   100.217     181.7         0         0   
    5.069     10.91   143.726   48.1118     191.6     6.035   100.948   182.432         0         0   
    5.155     12.69   144.178   47.6448     191.7     5.693   101.669    183.18         0         0   
    5.241     14.92    144.61   47.3712     192.9     5.564   102.382   184.013         0         0   
    5.327     16.39   145.009   46.9109     194.4     5.605   103.086   184.726         0         0   
    5.413     16.47   145.373   46.4785     194.6     5.909   103.781   185.298         0         0   
    5.499     16.42   145.717   46.2204     194.9     5.745   104.468   185.884         0         0   
    5.585     15.76   146.034    45.797     196.7     6.031   105.148   186.354         0         0   
    5.671     15.02   146.324   45.3917     198.9     6.587   105.819     186.8         0         0   
    5.757     15.23   146.599   45.1509     201.9      6.26   106.482   187.351         0         0   
    5.843     16.14   146.851   44.7601     199.8      6.18   107.138   187.904         0         0   
    5.929     16.73   147.067   44.5383     198.7     6.576   107.787   188.442         0         0   
    6.015     17.49   147.266   44.1538     199.9     5.679   108.428   188.943         0         0   
      6.1     17.91   147.453   43.7958     200.4     5.955   109.055   189.405         0         0   
    6.186     18.88    147.61   43.5822     199.4     6.751   109.682   189.934         0         0   
    6.272     19.92   147.739   43.2246     199.8     6.898   110.303   190.417         0         0   
    6.358     20.81   147.859   42.8883     201.4     7.525   110.917   190.885         0         0   
    6.444     21.96   147.967    42.682     200.1      7.52   111.524   191.405         0         0   
     6.53     23.74   148.044   42.3488     199.7     7.802   112.125   191.953         0         0   
    6.616     25.22    148.11   42.0312     198.8     7.609   112.719    192.47         0         0   
    6.702      26.5   148.161   41.8363     199.9     7.749   113.308   192.984         0         0   
    6.788     27.47   148.189   41.5251     199.4     8.324    113.89   193.416         0         0   
    6.874     28.61   148.201   41.2227     200.5       8.1   114.467   193.866         0         0   
     6.96     29.94   148.205   41.0396     202.5     8.799   115.037   194.368         0         0   
    7.046     31.05   148.193   40.7483     201.7      8.21   115.602   194.806         0         0   
    7.132     31.73   148.158   40.5755     203.2     7.995   116.161   195.185         0         0   
    7.217      32.1    148.11   40.2906     201.2     7.673   116.708   195.477         0         0   
    7.303     32.17   148.059   40.0173     200.2     7.678   117.257   195.722         0         0   
    7.389     31.59   147.978   39.8499     197.8     7.292   117.799   195.858         0         0   
    7.475     30.54   147.886   39.5788     194.9      6.24   118.337    195.89         0         0   
    7.561     30.17   147.794   39.3218     199.5     6.997    118.87   196.034         0         0   
    7.647     30.55   147.694   39.1593     201.2     7.375   119.397   196.305         0         0   
    7.733     30.57    147.57    38.904     198.7     6.557   119.919   196.483         0         0   
    7.819     30.92   147.436   38.6577       199     6.094   120.437   196.705         0         0   
    7.905     31.45   147.298    38.504     199.2     6.038   120.949    196.97         0         0   
    7.991     31.64   147.138   38.2629     198.9     6.134   121.457   197.146         0         0   
    8.077     31.88    146.97   38.0261     198.5     11.29   121.961   197.324         0         0   
    8.163     32.69   146.802   37.8809     199.9     7.004   122.459   197.612         0         0   
    8.249     34.27   146.623   37.6531     198.3     10.62   122.953    198.01         0         0   
    8.334     35.44    146.43   37.4275     196.9     6.434   123.437   198.332         0         0   
     8.42     35.71   146.229   37.2901     195.6     8.155   123.922   198.508         0         0   
    8.506     35.46   146.024   37.0744       196     6.057   124.403   198.573         0         0   
    8.592     35.45   145.801   36.9385     194.5      5.64    124.88   198.681         0         0   
    8.678     35.86   145.572    36.724     196.6     5.154   125.352   198.844         0         0   
    8.764     36.49   145.345   36.5191     197.2     4.741    125.82   199.051         0         0   
     8.85     36.65   145.113   36.3871       198     5.456   126.285    199.18         0         0   
    8.936     36.51   144.866   36.1834     201.4     5.262   126.745    199.23         0         0   
    9.022     36.19    144.61   35.9851       204     4.423   127.201   199.241         0         0   
    9.108     36.51   144.348     35.86     205.4      4.75   127.653   199.375         0         0   
    9.194     37.67   144.075   35.6663     203.8     4.243   128.102   199.647         0         0   
     9.28     38.25   143.801   35.4742     203.6     3.749   128.546   199.811         0         0   
    9.366     37.87   143.529   35.3555     203.8     3.786   128.987   199.805         0         0   
    9.451     37.61   143.253   35.1732     202.8      3.26   129.419   199.806         0         0   
    9.537     37.55   142.966   34.9867     201.1     8.612   129.853   199.838         0         0   
    9.623     37.19   142.675   34.8741       201     3.864   130.283   199.822         0         0   
    9.709     36.77   142.375   34.6982     200.3     3.586   130.709   199.779         0         0   
    9.795     36.58   142.067   34.5851     199.9     3.605   131.132   199.782         0         0   
    9.881     36.23   141.759     34.41     200.4     5.264   131.551   199.745         0         0   
    9.967     35.97   141.451   34.2413     199.9     5.602   131.967   199.725         0         0   
    10.05     36.02   141.151   34.1376     199.5     5.143   132.366   199.767         0         0   
    10.14     36.17   140.816   33.9624       197     4.451   132.794   199.813         0         0   
    10.22     36.19   140.515   33.8101     196.3      3.93   133.172    199.83         0         0   
    10.31     35.65   140.173   33.6976     196.5     9.657   133.594   199.755         0         0   
     10.4     35.16   139.826   33.5303     198.9     4.174   134.012   199.677         0         0   
    10.48        35   139.517   33.3814     197.2     3.581   134.381   199.656         0         0   
    10.57     34.99   139.171   33.2746     197.4     4.198   134.792   199.673         0         0   
    10.65     35.17   138.859    33.132     198.6     4.361   135.156   199.708         0         0   
    10.74     35.46   138.501   32.9687     199.1     3.646   135.561   199.759         0         0   
    10.83     35.53   138.138   32.8673     195.3     4.298   135.963   199.777         0         0   
    10.91     35.41   137.812   32.7308     195.6     3.791   136.318    199.75         0         0   
       11     35.06   137.443   32.6279     193.5     3.689   136.714   199.687         0         0   
    11.08      34.9   137.116   32.4917     192.2      3.64   137.063   199.652         0         0   
    11.17     35.13   136.751   32.3428     191.2     4.291   137.453   199.685         0         0   
    11.26     34.83    136.38   32.2433     192.2     4.517    137.84    199.63         0         0   
    11.34     34.39   136.049   32.1125     192.9     4.042   138.181   199.543         0         0   
    11.43     33.97   135.673    31.967     192.7     4.255   138.562   199.456         0         0   
    11.51     33.62   135.334   31.8881     192.9      4.05   138.899   199.387         0         0   
     11.6      33.2   134.954   31.7466     192.2     8.194   139.274   199.299         0         0   
    11.69     33.07   134.575    31.604     194.2     4.327   139.647   199.259         0         0   
    11.77     33.36   134.241    31.529     195.2     3.999   139.976   199.301         0         0   
    11.86     33.98   133.861   31.3931     195.4     3.728   140.343   199.387         0         0   
    11.94     34.01   133.522   31.2689     195.7     4.102   140.667   199.373         0         0   
    12.03     33.81   133.136   31.1821     197.4     4.359   141.029   199.323         0         0   
    12.12     34.19   132.747   31.0514     200.1      3.97   141.388   199.363         0         0   
     12.2     34.64   132.405   30.9291     200.5     4.188   141.705   199.419         0         0   
    12.29     35.25    132.02   30.8464     200.1     4.991   142.059    199.51         0         0   
    12.37     35.82    131.68   30.7335     199.9     4.218   142.372   199.592         0         0   
    12.46      36.3   131.296   30.6474     201.6     3.921   142.721   199.662         0         0   
    12.54     36.69   130.952   30.5355     200.8      4.08   143.029   199.711         0         0   
    12.63     37.25   130.564   30.4143     200.3     4.218   143.373   199.788         0         0   
    12.72      37.7   130.174   30.3065     199.7     4.134   143.714   199.847         0         0   
     12.8     38.15   129.827   30.2115     198.4      8.26   144.016   199.909         0         0   
    12.89      38.2    129.44   30.1059     201.6     4.112   144.353   199.895         0         0   
    12.97      37.9   129.097   30.0128     201.4     3.925    144.65   199.817         0         0   
    13.06     37.31    128.71   29.9092     200.6     4.102   144.982   199.682         0         0   
    13.15     36.92   128.322   29.8067     200.6     4.681   145.312   199.584         0         0   
    13.23     37.21   127.977   29.7163     202.2     6.876   145.603   199.615         0         0   
    13.32     38.26   127.592   29.6157     202.2      7.29   145.928   199.789         0         0   
     13.4     38.83   127.255   29.5272       202     10.02   146.215   199.881         0         0   
    13.49     39.19   126.878   29.4284     202.5     8.758   146.536   199.932         0         0   
    13.58     40.07   126.503   29.3308       205     6.467   146.855   200.088         0         0   
    13.66     40.72   126.168   29.2446     206.5     6.636   147.136   200.202         0         0   
    13.75        41    125.79   29.1487     206.4     9.865    147.45   200.238         0         0   
    13.83     41.46   125.454   29.0643     208.9     8.049   147.728   200.314         0         0   
    13.92      42.3   125.074   28.9702     207.9     9.464   148.038   200.468         0         0   
    14.01     43.21   124.696   28.8769     210.2     9.318   148.346    200.64         0         0   
    14.09     44.02   124.363   28.7948     210.9     9.774   148.618   200.799         0         0   
    14.18     44.82   123.991   28.7032     212.6     10.26   148.921   200.958         0         0   
    14.26     45.27   123.662   28.6225     215.3     11.28    149.19   201.043         0         0   
    14.35     45.19   123.289   28.5326     215.2     11.67   149.489   201.006         0         0   
    14.43     45.02   122.957   28.4533     216.9     10.92   149.754    200.95         0         0   
    14.52     44.94   122.585    28.365     212.7     10.76    150.05   200.914         0         0   
    14.61        45   122.215   28.2775     214.1      7.61   150.344   200.909         0         0   
    14.69     45.25   121.887   28.2004     213.4      10.5   150.603   200.949         0         0   
    14.78     45.21   121.522   28.1144     213.9     6.131   150.893   200.925         0         0   
    14.86     45.06   121.201   28.0386       211     8.835   151.149   200.879         0         0   
    14.95     45.22   120.836    27.954     205.4     8.219   151.436   200.899         0         0   
    15.04     45.34   120.472   27.8702     206.1     9.949    151.72    200.91         0         0   
    15.12     45.32   120.149   27.7964     210.8      10.8   151.971   200.892         0         0   
    15.21     45.01    119.79   27.7139     206.8     8.453   152.252   200.809         0         0   
    15.29     44.43   119.471   27.6414     195.3     7.883     152.5   200.668         0         0   
    15.38     43.66   119.116   27.5603     199.6     9.059   152.777   200.488         0         0   
    15.47     43.11   118.766     27.48     202.6     7.511   153.052   200.359         0         0   
    15.55     42.94   118.451   27.4092       199     6.949   153.295   200.313         0         0   
    15.64     42.84   118.098   27.3302     206.2     5.103   153.567    200.28         0         0   
    15.72     42.79   117.787   27.2605       203     7.981   153.807   200.261         0         0   
    15.81      42.9   117.439   27.1828     205.4     6.795   154.076   200.276         0         0   
     15.9     43.12    117.09   27.1057     199.9     6.257   154.342   200.314         0         0   
    15.98     43.53   116.785   27.0378     194.3     6.496   154.578   200.397         0         0   
    16.07     43.68   116.447    26.962     194.1     7.457   154.841   200.426         0         0   
    16.15     43.56   116.148   26.8951     193.4     7.571   155.074   200.397         0         0   
    16.24     43.49   115.807   26.8204     191.3     10.01   155.334   200.376         0         0   
    16.33     43.39    115.47   26.7465     193.8     7.054   155.592   200.351         0         0   
    16.41     43.46   115.172   26.6811       186     6.658    155.82   200.363         0         0   
     16.5     43.58   114.837   26.6082     186.8      8.83   156.076   200.386         0         0   
    16.58     43.35   114.545    26.544     188.5     12.67   156.301   200.336         0         0   
    16.67     43.02   114.222   26.4721       190     15.34   156.553   200.268         0         0   
    16.75      43.1   113.938   26.4088     189.7     16.05   156.776   200.289         0         0   
    16.84     43.52   113.612   26.3381     200.8     15.56   157.025    200.38         0         0   
    16.93     43.54    113.29   26.2681     189.2     16.63   157.272   200.387         0         0   
    17.01     43.26   113.006   26.2062     184.7     18.35   157.491    200.33         0         0   
     17.1     42.98   112.689   26.1371     203.3     14.91   157.735   200.274         0         0   
    17.18     42.75   112.411   26.0762       209     16.37   157.951   200.231         0         0   
    17.27     42.91   112.107   26.0082     224.3     16.59   158.193   200.277         0         0   
    17.36        43   111.807   25.9406     212.3     17.39   158.433   200.309         0         0   
    17.44     42.97   111.534    25.881     203.8     18.95   158.645   200.311         0         0   
    17.53     42.92   111.231   25.8144     223.2     21.79   158.882   200.311         0         0   
    17.61     42.82   110.962   25.7558     194.5      19.8   159.091   200.299         0         0   
     17.7     42.67   110.666   25.6901     193.9      20.6   159.326   200.281         0         0   
    17.79      42.5   110.371    25.625     190.6     19.88   159.559   200.259         0         0   
    17.87     42.47   110.132   25.5677     192.4     19.08   159.764   200.278         0         0   
    17.96     42.48   109.859   25.5034     196.3     19.11   159.994   200.305         0         0   
    18.04     42.72   109.608   25.4469     191.8     17.43   160.198   200.374         0         0   
    18.13     43.13   109.307   25.3835     194.8     18.61   160.425   200.471         0         0   
    18.22     43.02   109.141   25.3208     198.4     18.17   160.651    200.53         0         0   
     18.3     42.85   108.935   25.2654     220.3     18.81   160.851   200.535         0         0   
    18.39     42.65   108.647   25.2035     214.4     18.84   161.074   200.507         0         0   
    18.47     42.56   108.473   25.1489     200.8     17.88   161.271   200.546         0         0   
    18.56     42.59   108.236   25.0878     199.4     17.59   161.492   200.594         0         0   
    18.65     42.81   107.998   25.0272     200.4     16.81   161.712   200.682         0         0   
    18.73     43.13   107.838   24.9737     196.3      17.5   161.906   200.814         0         0   
    18.82     43.25   107.671   24.9138     205.8     11.38   162.122   200.918         0         0   
     18.9     43.29   107.493    24.861     191.3     22.98   162.314   200.979         0         0   
    18.99     43.39   107.319    24.802     193.1     16.99   162.528   201.074         0         0   
    19.16     43.57   107.293   24.6917     199.2     16.97    162.93    201.41         0         0   
