!# Results of ROTMAS saved at 14-Oct-2007 (20:01:41)
!# User velocity         : Vu=V200*SQRT(((LN(1+C*R*0.75/V200))-(C*R*0.75/V200)/(1+C*R*0.75/V200))/((0.75*R/V200)*(LN(1+C)-(C/(1+C)))))
!# Total velocity        : Vt=SQRT(MG*VG*ABS(VG)+MD*VD*ABS(VD)+MB*VB*ABS(VB)+VU**2)
!# Chi-square            : 530.831
!# Red. Chi-square (N=207,n=2) : 2.589420
!# Parameter name  :            C        V200          MB          MD          MG
!# Parameter value :    -0.419293  2527.659912     1.000000     1.000000     1.000000 
!# Parameter error :   279.921265 1552519.125000     0.000000     0.000000     0.000000 
!#
!# Radius |  vgas   |  vdisk  |  vbulge |  vobs   | err vobs|   Vu    |   Vt    |   Rxv   |   Vxy   |
!# kpc       km/s      km/s       km/s     km/s     km/s       km/s      km/s       kpc       km/s   
!#===================================================================================================
    1.375    -7.657   91.1849   111.559     138.1     5.747   35.8293   148.274         0         0   
    1.461    -7.617   95.1146   107.647     141.7     3.671    36.933   148.124         0         0   
    1.547    -7.348   98.8754   104.156     122.3     11.17   38.0048   148.375         0         0   
    1.633    -7.132   102.471   101.753     126.6     5.671   39.0471   149.425         0         0   
    1.718    -7.325   105.885   98.9518     123.9     6.141   40.0507   150.178         0         0   
    1.804    -8.059   109.199   96.1142     141.8     7.048   41.0412   150.936         0         0   
     1.89    -14.31   112.375   94.2522     140.2     5.836   42.0084   151.893         0         0   
    1.976    -8.463   115.422   92.0547     128.5     5.509   42.9538   153.524         0         0   
    2.062    -7.927   118.347   90.2604     135.9     7.352   43.8789   154.969         0         0   
    2.148     -8.64   121.157   88.2441     138.1     11.54   44.7849   156.196         0         0   
    2.234    -8.453   123.858   86.3405     147.8     9.385    45.673   157.512         0         0   
     2.32    -8.142   126.464   84.9109     141.3     8.421   46.5441   159.069         0         0   
    2.406    -8.613   128.954   83.3278     143.3     9.624   47.3993   160.453         0         0   
    2.492    -9.456   131.345   81.6011     150.8     7.577   48.2393   161.703         0         0   
    2.578    -10.34    133.65    80.445       147     8.321    49.065     163.2         0         0   
    2.664     -11.1   135.861    79.101     149.2     8.067    49.877   164.559         0         0   
     2.75     -10.7   137.978    77.583       151     6.582    50.676   165.863         0         0   
    2.835    -9.515   139.981   76.6661     147.6     6.217   51.4536    167.42         0         0   
    2.921    -7.966   141.936   75.4188     147.8      6.39   52.2286   168.814         0         0   
    3.007    -7.001   143.806   74.1249     152.1     4.363   52.9922   170.099         0         0   
    3.093    -7.304   145.599   73.3972     149.8     4.352   53.7451   171.527         0         0   
    3.179    -7.398   147.323   72.2043     150.8     3.955   54.4875   172.719         0         0   
    3.265    -7.927   148.974   71.3929     151.8     4.043     55.22   174.002         0         0   
    3.351    -7.851    150.56   70.4625     154.9     4.853   55.9429   175.218         0         0   
    3.437    -6.541   152.084   69.3766     157.1     4.688   56.6566    176.38         0         0   
    3.523    -6.029    153.53   68.7186     157.4     5.081   57.3615   177.617         0         0   
    3.609    -6.392    154.91   67.8156     157.5     5.578   58.0578   178.678         0         0   
    3.695    -7.261   156.233    66.863     158.3     6.302   58.7459    179.66         0         0   
    3.781    -5.604   157.504   66.3434     163.6     6.161    59.426   180.856         0         0   
    3.867     3.573   158.713   65.4522     167.1     5.314   60.0985    181.93         0         0   
    3.952     6.228   159.846   64.6185     166.4     5.368   60.7558   182.911         0         0   
    4.038      8.18   160.946   64.1587     167.8     5.464   61.4138   184.007         0         0   
    4.124     11.04   162.012   63.3336     167.9     6.496   62.0648   185.021         0         0   
     4.21      12.3    163.01   62.5749     170.7     5.648    62.709   185.934         0         0   
    4.296     12.45   163.959   62.1436     173.6     5.524   63.3467   186.848         0         0   
    4.382     11.37   164.867   61.4031     174.8     5.122   63.9781   187.547         0         0   
    4.468     8.945    165.72   60.7087     177.9      6.07   64.6033   188.155         0         0   
    4.554     7.255   166.535   60.3105     181.7     5.013   65.2225   188.886         0         0   
     4.64     7.288    167.31   59.6418     183.1     5.543    65.836   189.571         0         0   
    4.726     8.444   168.033   59.2873       183     4.622   66.4438   190.358         0         0   
    4.812     9.065   168.716   58.6335     183.7     5.871   67.0461   190.998         0         0   
    4.898     8.787   169.372   58.0265     187.8     6.737    67.643    191.59         0         0   
    4.983     9.515   169.994   57.6946     189.4     6.262   68.2279   192.282         0         0   
    5.069     10.91   170.571   57.0982     191.6     6.035   68.8147   192.897         0         0   
    5.155     12.69   171.108    56.544     191.7     5.693   69.3964   193.525         0         0   
    5.241     14.92   171.621   56.2193     192.9     5.564   69.9734   194.251         0         0   
    5.327     16.39   172.094    55.673     194.4     5.605   70.5457   194.836         0         0   
    5.413     16.47   172.526   55.1598     194.6     5.909   71.1134   195.285         0         0   
    5.499     16.42   172.934   54.8535     194.9     5.745   71.6766   195.761         0         0   
    5.585     15.76   173.311    54.351     196.7     6.031   72.2354   196.105         0         0   
    5.671     15.02   173.655     53.87     198.9     6.587   72.7899   196.423         0         0   
    5.757     15.23   173.981   53.5843     201.9      6.26   73.3403   196.854         0         0   
    5.843     16.14    174.28   53.1205     199.8      6.18   73.8866   197.269         0         0   
    5.929     16.73   174.537   52.8573     198.7     6.576   74.4289   197.678         0         0   
    6.015     17.49   174.773   52.4009     199.9     5.679   74.9673   198.034         0         0   
      6.1     17.91   174.994    51.976     200.4     5.955   75.4956   198.355         0         0   
    6.186     18.88   175.181   51.7226     199.4     6.751   76.0265   198.746         0         0   
    6.272     19.92   175.334   51.2982     199.8     6.898   76.5537   199.075         0         0   
    6.358     20.81   175.476   50.8991     201.4     7.525   77.0773    199.39         0         0   
    6.444     21.96   175.605   50.6542     200.1      7.52   77.5974   199.766         0         0   
     6.53     23.74   175.696   50.2588     199.7     7.802    78.114   200.151         0         0   
    6.616     25.22   175.774   49.8819     198.8     7.609   78.6273   200.507         0         0   
    6.702      26.5   175.835   49.6505     199.9     7.749   79.1372   200.868         0         0   
    6.788     27.47   175.868   49.2812     199.4     8.324   79.6439   201.137         0         0   
    6.874     28.61   175.882   48.9224     200.5       8.1   80.1474    201.42         0         0   
     6.96     29.94   175.887   48.7051     202.5     8.799   80.6478   201.764         0         0   
    7.046     31.05   175.873   48.3593     201.7      8.21   81.1451   202.036         0         0   
    7.132     31.73   175.831   48.1542     203.2     7.995   81.6394   202.255         0         0   
    7.217      32.1   175.774   47.8162     201.2     7.673    82.125    202.38         0         0   
    7.303     32.17   175.714   47.4918     200.2     7.678   82.6135   202.462         0         0   
    7.389     31.59   175.618   47.2931     197.8     7.292   83.0991   202.439         0         0   
    7.475     30.54   175.508   46.9714     194.9      6.24   83.5819   202.307         0         0   
    7.561     30.17   175.399   46.6664     199.5     6.997   84.0619   202.285         0         0   
    7.647     30.55    175.28   46.4735     201.2     7.375   84.5392   202.393         0         0   
    7.733     30.57   175.133   46.1705     198.7     6.557   85.0139   202.399         0         0   
    7.819     30.92   174.974   45.8782       199     6.094   85.4859   202.447         0         0   
    7.905     31.45   174.811   45.6958     199.2     6.038   85.9554   202.545         0         0   
    7.991     31.64   174.621   45.4097     198.9     6.134   86.4223   202.545         0         0   
    8.077     31.88   174.421   45.1287     198.5     11.29   86.8867   202.546         0         0   
    8.163     32.69   174.222   44.9564     199.9     7.004   87.3486   202.664         0         0   
    8.249     34.27    174.01    44.686     198.3     10.62   87.8082   202.882         0         0   
    8.334     35.44   173.781   44.4183     196.9     6.434   88.2601   203.024         0         0   
     8.42     35.71   173.542   44.2552     195.6     8.155   88.7149   203.029         0         0   
    8.506     35.46   173.299   43.9992       196     6.057   89.1674    202.92         0         0   
    8.592     35.45   173.034   43.8379     194.5      5.64   89.6177   202.856         0         0   
    8.678     35.86   172.762   43.5834     196.6     5.154   90.0658    202.84         0         0   
    8.764     36.49   172.493   43.3402     197.2     4.741   90.5116    202.87         0         0   
     8.85     36.65   172.217   43.1836       198     5.456   90.9552   202.829         0         0   
    8.936     36.51   171.924   42.9418     201.4     5.262   91.3968   202.702         0         0   
    9.022     36.19   171.621   42.7065       204     4.423   91.8362   202.537         0         0   
    9.108     36.51   171.309    42.558     205.4      4.75   92.2735   202.498         0         0   
    9.194     37.67   170.986   42.3281     203.8     4.243   92.7087   202.588         0         0   
     9.28     38.25   170.661   42.1001     203.6     3.749    93.142   202.574         0         0   
    9.366     37.87   170.337   41.9593     203.8     3.786   93.5733   202.399         0         0   
    9.451     37.61    170.01   41.7429     202.8      3.26   93.9976   202.227         0         0   
    9.537     37.55    169.67   41.5216     201.1     8.612   94.4249   202.084         0         0   
    9.623     37.19   169.324   41.3879       201     3.864   94.8504   201.899         0         0   
    9.709     36.77   168.968   41.1792     200.3     3.586    95.274   201.681         0         0   
    9.795     36.58   168.602    41.045     199.9     3.605   95.6957   201.512         0         0   
    9.881     36.23   168.237   40.8371     200.4     5.264   96.1156   201.301         0         0   
    9.967     35.97   167.872   40.6369     199.9     5.602   96.5336   201.109         0         0   
    10.05     36.02   167.515   40.5139     199.5     5.143   96.9354   200.989         0         0   
    10.14     36.17   167.118   40.3059       197     4.451   97.3692   200.853         0         0   
    10.22     36.19   166.761   40.1252     196.3      3.93   97.7532    200.71         0         0   
    10.31     35.65   166.355   39.9917     196.5     9.657   98.1834    200.46         0         0   
     10.4     35.16   165.943   39.7931     198.9     4.174   98.6117   200.203         0         0   
    10.48        35   165.576   39.6164     197.2     3.581   98.9909   200.023         0         0   
    10.57     34.99   165.166   39.4897     197.4     4.198   99.4158   199.868         0         0   
    10.65     35.17   164.795   39.3204     198.6     4.361    99.792   199.747         0         0   
    10.74     35.46   164.371   39.1267     199.1     3.646   100.214   199.622         0         0   
    10.83     35.53    163.94   39.0063     195.3     4.298   100.633   199.467         0         0   
    10.91     35.41   163.553   38.8443     195.6     3.791   101.005   199.285         0         0   
       11     35.06   163.115   38.7222     193.5     3.689   101.421   199.051         0         0   
    11.08      34.9   162.727   38.5605     192.2      3.64    101.79   198.862         0         0   
    11.17     35.13   162.293   38.3839     191.2     4.291   102.204   198.726         0         0   
    11.26     34.83   161.853   38.2657     192.2     4.517   102.615   198.504         0         0   
    11.34     34.39   161.461   38.1105     192.9     4.042    102.98   198.266         0         0   
    11.43     33.97   161.014   37.9379     192.7     4.255   103.388    198.01         0         0   
    11.51     33.62   160.612   37.8442     192.9      4.05    103.75   197.795         0         0   
     11.6      33.2   160.161   37.6763     192.2     8.194   104.156   197.539         0         0   
    11.69     33.07   159.711   37.5071     194.2     4.327    104.56   197.334         0         0   
    11.77     33.36   159.315   37.4181     195.2     3.999   104.918   197.236         0         0   
    11.86     33.98   158.864   37.2568     195.4     3.728   105.319   197.161         0         0   
    11.94     34.01   158.461   37.1093     195.7     4.102   105.674   197.004         0         0   
    12.03     33.81   158.003   37.0063     197.4     4.359   106.073   196.797         0         0   
    12.12     34.19   157.542   36.8512     200.1      3.97    106.47   196.678         0         0   
     12.2     34.64   157.136   36.7061     200.5     4.188   106.821   196.595         0         0   
    12.29     35.25   156.679    36.608     200.1     4.991   107.215   196.535         0         0   
    12.37     35.82   156.276   36.4739     199.9     4.218   107.564   196.483         0         0   
    12.46      36.3    155.82   36.3718     201.6     3.921   107.956   196.405         0         0   
    12.54     36.69   155.412    36.239     200.8      4.08   108.302    196.32         0         0   
    12.63     37.25   154.951   36.0951     200.3     4.218   108.691    196.25         0         0   
    12.72      37.7   154.488   35.9672     199.7     4.134   109.079   196.162         0         0   
     12.8     38.15   154.076   35.8545     198.4      8.26   109.422   196.096         0         0   
    12.89      38.2   153.617   35.7291     201.6     4.112   109.807   195.937         0         0   
    12.97      37.9    153.21   35.6187     201.4     3.925   110.147   195.732         0         0   
    13.06     37.31   152.751   35.4957     200.6     4.102    110.53   195.453         0         0   
    13.15     36.92    152.29    35.374     200.6     4.681   110.911   195.212         0         0   
    13.23     37.21   151.881   35.2668     202.2     6.876   111.248   195.121         0         0   
    13.32     38.26   151.424   35.1474     202.2      7.29   111.627   195.164         0         0   
     13.4     38.83   151.024   35.0423       202     10.02   111.962    195.14         0         0   
    13.49     39.19   150.576   34.9251     202.5     8.758   112.339   195.061         0         0   
    13.58     40.07   150.131   34.8092       205     6.467   112.714   195.092         0         0   
    13.66     40.72   149.734    34.707     206.5     6.636   113.046   195.096         0         0   
    13.75        41   149.285   34.5932     206.4     9.865   113.419   195.006         0         0   
    13.83     41.46   148.886    34.493     208.9     8.049   113.749   194.973         0         0   
    13.92      42.3   148.436   34.3813     207.9     9.464   114.119   195.007         0         0   
    14.01     43.21   147.987   34.2706     210.2     9.318   114.488   195.062         0         0   
    14.09     44.02   147.592   34.1731     210.9     9.774   114.816   195.119         0         0   
    14.18     44.82    147.15   34.0644     212.6     10.26   115.182   195.165         0         0   
    14.26     45.27    146.76   33.9687     215.3     11.28   115.508   195.151         0         0   
    14.35     45.19   146.317    33.862     215.2     11.67   115.873   194.997         0         0   
    14.43     45.02   145.923   33.7679     216.9     10.92   116.196   194.839         0         0   
    14.52     44.94   145.482   33.6631     212.7     10.76   116.558   194.689         0         0   
    14.61        45   145.043   33.5592     214.1      7.61    116.92   194.574         0         0   
    14.69     45.25   144.653   33.4677     213.4      10.5    117.24   194.519         0         0   
    14.78     45.21    144.22   33.3656     213.9     6.131     117.6   194.387         0         0   
    14.86     45.06   143.839   33.2757       211     8.835   117.919   194.248         0         0   
    14.95     45.22   143.406   33.1753     205.4     8.219   118.276   194.165         0         0   
    15.04     45.34   142.974   33.0759     206.1     9.949   118.632   194.075         0         0   
    15.12     45.32   142.591   32.9882     210.8      10.8   118.948   193.967         0         0   
    15.21     45.01   142.165   32.8904     206.8     8.453   119.303   193.783         0         0   
    15.29     44.43   141.786   32.8043     195.3     7.883   119.617    193.55         0         0   
    15.38     43.66   141.365   32.7081     199.6     9.059   119.969   193.268         0         0   
    15.47     43.11   140.949   32.6128     202.6     7.511   120.321   193.043         0         0   
    15.55     42.94   140.576   32.5287       199     6.949   120.632   192.914         0         0   
    15.64     42.84   140.156    32.435     206.2     5.103   120.982   192.789         0         0   
    15.72     42.79   139.787   32.3523       203     7.981   121.291   192.691         0         0   
    15.81      42.9   139.374   32.2601     205.4     6.795   121.639    192.62         0         0   
     15.9     43.12    138.96   32.1686     199.9     6.257   121.986   192.573         0         0   
    15.98     43.53   138.598    32.088     194.3     6.496   122.293   192.586         0         0   
    16.07     43.68   138.197    31.998     194.1     7.457   122.638   192.536         0         0   
    16.15     43.56   137.842   31.9186     193.4     7.571   122.944   192.436         0         0   
    16.24     43.49   137.438     31.83     191.3     10.01   123.287   192.336         0         0   
    16.33     43.39   137.038   31.7422     193.8     7.054   123.629   192.233         0         0   
    16.41     43.46   136.684   31.6646       186     6.658   123.932    192.18         0         0   
     16.5     43.58   136.287   31.5781     186.8      8.83   124.272    192.13         0         0   
    16.58     43.35    135.94   31.5019     188.5     12.67   124.574   192.015         0         0   
    16.67     43.02   135.557   31.4166       190     15.34   124.913   191.876         0         0   
    16.75      43.1   135.219   31.3415     189.7     16.05   125.213   191.839         0         0   
    16.84     43.52   134.833   31.2576     200.8     15.56    125.55   191.869         0         0   
    16.93     43.54   134.451   31.1745     189.2     16.63   125.886   191.812         0         0   
    17.01     43.26   134.114    31.101     184.7     18.35   126.184   191.696         0         0   
     17.1     42.98   133.737    31.019     203.3     14.91   126.518   191.577         0         0   
    17.18     42.75   133.407   30.9467       209     16.37   126.814    191.48         0         0   
    17.27     42.91   133.047    30.866     224.3     16.59   127.147   191.473         0         0   
    17.36        43   132.691   30.7858     212.3     17.39   127.479   191.454         0         0   
    17.44     42.97   132.367   30.7151     203.8     18.95   127.773   191.407         0         0   
    17.53     42.92   132.007   30.6361     223.2     21.79   128.103   191.356         0         0   
    17.61     42.82   131.688   30.5665     194.5      19.8   128.396   191.299         0         0   
     17.7     42.67   131.336   30.4886     193.9      20.6   128.725   191.231         0         0   
    17.79      42.5   130.986   30.4113     190.6     19.88   129.053   191.162         0         0   
    17.87     42.47   130.703   30.3433     192.4     19.08   129.343   191.148         0         0   
    17.96     42.48   130.379    30.267     196.3     19.11    129.67   191.137         0         0   
    18.04     42.72   130.081   30.1999     191.8     17.43   129.959   191.174         0         0   
    18.13     43.13   129.723   30.1247     194.8     18.61   130.284   191.232         0         0   
    18.22     43.02   129.526   30.0503     198.4     18.17   130.608   191.283         0         0   
     18.3     42.85   129.282   29.9845     220.3     18.81   130.895   191.265         0         0   
    18.39     42.65    128.94    29.911     214.4     18.84   131.217   191.199         0         0   
    18.47     42.56   128.734   29.8462     200.8     17.88   131.503   191.227         0         0   
    18.56     42.59   128.452   29.7737     199.4     17.59   131.824   191.254         0         0   
    18.65     42.81    128.17   29.7018     200.4     16.81   132.144   191.323         0         0   
    18.73     43.13    127.98   29.6383     196.3      17.5   132.428   191.454         0         0   
    18.82     43.25   127.782   29.5673     205.8     11.38   132.747   191.559         0         0   
     18.9     43.29   127.571   29.5046     191.3     22.98    133.03   191.614         0         0   
    18.99     43.39   127.364   29.4346     193.1     16.99   133.347   191.709         0         0   
    19.16     43.57   127.333   29.3037     199.2     16.97   133.945   192.125         0         0   
