!# Results of ROTMAS saved at 14-Oct-2007 (20:00:04)
!# User velocity         : Vu=SQRT(4*{PI}*4.321*RHO*RC*RC*(1-(RC/R)*ATAN(R/RC)))
!# Total velocity        : Vt=SQRT(MG*VG*ABS(VG)+MD*VD*ABS(VD)+MB*VB*ABS(VB)+VU**2)
!# Chi-square            : 297.751
!# Red. Chi-square (N=207,n=2) : 1.452442
!# Parameter name  :           RC         RHO          MB          MD          MG
!# Parameter value :    20.579800     5.359590     1.000000     1.000000     1.000000 
!# Parameter error :     3.764753     0.372061     0.000000     0.000000     0.000000 
!#
!# Radius |  vgas   |  vdisk  |  vbulge |  vobs   | err vobs|   Vu    |   Vt    |   Rxv   |   Vxy   |
!# kpc       km/s      km/s       km/s     km/s     km/s       km/s      km/s       kpc       km/s   
!#===================================================================================================
    1.375    -7.657   91.1849   111.559     138.1     5.747   13.5246   144.514         0         0   
    1.461    -7.617   95.1146   107.647     141.7     3.671    14.368   144.163         0         0   
    1.547    -7.348   98.8754   104.156     122.3     11.17    15.211    144.23         0         0   
    1.633    -7.132   102.471   101.753     126.6     5.671   16.0535   145.123         0         0   
    1.718    -7.325   105.885   98.9518     123.9     6.141   16.8857   145.721         0         0   
    1.804    -8.059   109.199   96.1142     141.8     7.048   17.7272   146.327         0         0   
     1.89    -14.31   112.375   94.2522     140.2     5.836   18.5682   147.145         0         0   
    1.976    -8.463   115.422   92.0547     128.5     5.509   19.4085   148.665         0         0   
    2.062    -7.927   118.347   90.2604     135.9     7.352   20.2483       150         0         0   
    2.148     -8.64   121.157   88.2441     138.1     11.54   21.0874   151.116         0         0   
    2.234    -8.453   123.858   86.3405     147.8     9.385   21.9259   152.331         0         0   
     2.32    -8.142   126.464   84.9109     141.3     8.421   22.7637   153.801         0         0   
    2.406    -8.613   128.954   83.3278     143.3     9.624   23.6008   155.098         0         0   
    2.492    -9.456   131.345   81.6011     150.8     7.577   24.4372   156.263         0         0   
    2.578    -10.34    133.65    80.445       147     8.321   25.2728   157.688         0         0   
    2.664     -11.1   135.861    79.101     149.2     8.067   26.1077   158.977         0         0   
     2.75     -10.7   137.978    77.583       151     6.582   26.9417   160.214         0         0   
    2.835    -9.515   139.981   76.6661     147.6     6.217   27.7653   161.718         0         0   
    2.921    -7.966   141.936   75.4188     147.8      6.39   28.5977   163.059         0         0   
    3.007    -7.001   143.806   74.1249     152.1     4.363   29.4292   164.292         0         0   
    3.093    -7.304   145.599   73.3972     149.8     4.352   30.2598   165.676         0         0   
    3.179    -7.398   147.323   72.2043     150.8     3.955   31.0895   166.821         0         0   
    3.265    -7.927   148.974   71.3929     151.8     4.043   31.9183   168.066         0         0   
    3.351    -7.851    150.56   70.4625     154.9     4.853   32.7461   169.245         0         0   
    3.437    -6.541   152.084   69.3766     157.1     4.688   33.5729   170.373         0         0   
    3.523    -6.029    153.53   68.7186     157.4     5.081   34.3987   171.583         0         0   
    3.609    -6.392    154.91   67.8156     157.5     5.578   35.2235   172.615         0         0   
    3.695    -7.261   156.233    66.863     158.3     6.302   36.0472   173.569         0         0   
    3.781    -5.604   157.504   66.3434     163.6     6.161   36.8699   174.748         0         0   
    3.867     3.573   158.713   65.4522     167.1     5.314   37.6914   175.804         0         0   
    3.952     6.228   159.846   64.6185     166.4     5.368   38.5023    176.77         0         0   
    4.038      8.18   160.946   64.1587     167.8     5.464   39.3216   177.857         0         0   
    4.124     11.04   162.012   63.3336     167.9     6.496   40.1397   178.863         0         0   
     4.21      12.3    163.01   62.5749     170.7     5.648   40.9566   179.768         0         0   
    4.296     12.45   163.959   62.1436     173.6     5.524   41.7724   180.677         0         0   
    4.382     11.37   164.867   61.4031     174.8     5.122   42.5869   181.368         0         0   
    4.468     8.945    165.72   60.7087     177.9      6.07   43.4001   181.968         0         0   
    4.554     7.255   166.535   60.3105     181.7     5.013   44.2121   182.698         0         0   
     4.64     7.288    167.31   59.6418     183.1     5.543   45.0228   183.385         0         0   
    4.726     8.444   168.033   59.2873       183     4.622   45.8322   184.179         0         0   
    4.812     9.065   168.716   58.6335     183.7     5.871   46.6403   184.826         0         0   
    4.898     8.787   169.372   58.0265     187.8     6.737    47.447   185.425         0         0   
    4.983     9.515   169.994   57.6946     189.4     6.262    48.243    186.13         0         0   
    5.069     10.91   170.571   57.0982     191.6     6.035   49.0469    186.76         0         0   
    5.155     12.69   171.108    56.544     191.7     5.693   49.8495   187.406         0         0   
    5.241     14.92   171.621   56.2193     192.9     5.564   50.6507   188.155         0         0   
    5.327     16.39   172.094    55.673     194.4     5.605   51.4504   188.763         0         0   
    5.413     16.47   172.526   55.1598     194.6     5.909   52.2486   189.233         0         0   
    5.499     16.42   172.934   54.8535     194.9     5.745   53.0454   189.733         0         0   
    5.585     15.76   173.311    54.351     196.7     6.031   53.8407     190.1         0         0   
    5.671     15.02   173.655     53.87     198.9     6.587   54.6344   190.443         0         0   
    5.757     15.23   173.981   53.5843     201.9      6.26   55.4267   190.905         0         0   
    5.843     16.14    174.28   53.1205     199.8      6.18   56.2173   191.354         0         0   
    5.929     16.73   174.537   52.8573     198.7     6.576   57.0065   191.799         0         0   
    6.015     17.49   174.773   52.4009     199.9     5.679    57.794   192.191         0         0   
      6.1     17.91   174.994    51.976     200.4     5.955   58.5708   192.551         0         0   
    6.186     18.88   175.181   51.7226     199.4     6.751   59.3552   192.985         0         0   
    6.272     19.92   175.334   51.2982     199.8     6.898   60.1379   193.357         0         0   
    6.358     20.81   175.476   50.8991     201.4     7.525    60.919   193.718         0         0   
    6.444     21.96   175.605   50.6542     200.1      7.52   61.6984   194.144         0         0   
     6.53     23.74   175.696   50.2588     199.7     7.802   62.4762   194.581         0         0   
    6.616     25.22   175.774   49.8819     198.8     7.609   63.2522   194.991         0         0   
    6.702      26.5   175.835   49.6505     199.9     7.749   64.0266   195.409         0         0   
    6.788     27.47   175.868   49.2812     199.4     8.324   64.7992   195.734         0         0   
    6.874     28.61   175.882   48.9224     200.5       8.1   65.5702   196.076         0         0   
     6.96     29.94   175.887   48.7051     202.5     8.799   66.3393   196.483         0         0   
    7.046     31.05   175.873   48.3593     201.7      8.21   67.1067   196.818         0         0   
    7.132     31.73   175.831   48.1542     203.2     7.995   67.8724   197.101         0         0   
    7.217      32.1   175.774   47.8162     201.2     7.673   68.6274   197.289         0         0   
    7.303     32.17   175.714   47.4918     200.2     7.678   69.3895   197.435         0         0   
    7.389     31.59   175.618   47.2931     197.8     7.292   70.1497   197.477         0         0   
    7.475     30.54   175.508   46.9714     194.9      6.24   70.9082   197.408         0         0   
    7.561     30.17   175.399   46.6664     199.5     6.997   71.6648   197.455         0         0   
    7.647     30.55    175.28   46.4735     201.2     7.375   72.4196   197.638         0         0   
    7.733     30.57   175.133   46.1705     198.7     6.557   73.1725   197.717         0         0   
    7.819     30.92   174.974   45.8782       199     6.094   73.9236   197.842         0         0   
    7.905     31.45   174.811   45.6958     199.2     6.038   74.6727    198.02         0         0   
    7.991     31.64   174.621   45.4097     198.9     6.134     75.42     198.1         0         0   
    8.077     31.88   174.421   45.1287     198.5     11.29   76.1654   198.184         0         0   
    8.163     32.69   174.222   44.9564     199.9     7.004   76.9089   198.389         0         0   
    8.249     34.27    174.01    44.686     198.3     10.62   77.6504   198.697         0         0   
    8.334     35.44   173.781   44.4183     196.9     6.434   78.3815   198.928         0         0   
     8.42     35.71   173.542   44.2552     195.6     8.155   79.1192   199.024         0         0   
    8.506     35.46   173.299   43.9992       196     6.057   79.8549   199.004         0         0   
    8.592     35.45   173.034   43.8379     194.5      5.64   80.5888   199.032         0         0   
    8.678     35.86   172.762   43.5834     196.6     5.154   81.3206   199.111         0         0   
    8.764     36.49   172.493   43.3402     197.2     4.741   82.0505   199.239         0         0   
     8.85     36.65   172.217   43.1836       198     5.456   82.7784   199.296         0         0   
    8.936     36.51   171.924   42.9418     201.4     5.262   83.5042   199.268         0         0   
    9.022     36.19   171.621   42.7065       204     4.423   84.2281   199.203         0         0   
    9.108     36.51   171.309    42.558     205.4      4.75     84.95   199.267         0         0   
    9.194     37.67   170.986   42.3281     203.8     4.243   85.6699   199.465         0         0   
     9.28     38.25   170.661   42.1001     203.6     3.749   86.3878   199.558         0         0   
    9.366     37.87   170.337   41.9593     203.8     3.786   87.1036    199.49         0         0   
    9.451     37.61    170.01   41.7429     202.8      3.26   87.8091   199.426         0         0   
    9.537     37.55    169.67   41.5216     201.1     8.612   88.5209   199.394         0         0   
    9.623     37.19   169.324   41.3879       201     3.864   89.2306   199.321         0         0   
    9.709     36.77   168.968   41.1792     200.3     3.586   89.9383   199.216         0         0   
    9.795     36.58   168.602    41.045     199.9     3.605   90.6439   199.163         0         0   
    9.881     36.23   168.237   40.8371     200.4     5.264   91.3474   199.069         0         0   
    9.967     35.97   167.872   40.6369     199.9     5.602   92.0489   198.995         0         0   
    10.05     36.02   167.515   40.5139     199.5     5.143   92.7239   198.992         0         0   
    10.14     36.17   167.118   40.3059       197     4.451   93.4537   198.985         0         0   
    10.22     36.19   166.761   40.1252     196.3      3.93   94.1005   198.957         0         0   
    10.31     35.65   166.355   39.9917     196.5     9.657    94.826   198.837         0         0   
     10.4     35.16   165.943   39.7931     198.9     4.174   95.5491   198.712         0         0   
    10.48        35   165.576   39.6164     197.2     3.581     96.19   198.651         0         0   
    10.57     34.99   165.166   39.4897     197.4     4.198   96.9088   198.632         0         0   
    10.65     35.17   164.795   39.3204     198.6     4.361   97.5459   198.634         0         0   
    10.74     35.46   164.371   39.1267     199.1     3.646   98.2603   198.649         0         0   
    10.83     35.53    163.94   39.0063     195.3     4.298   98.9725   198.635         0         0   
    10.91     35.41   163.553   38.8443     195.6     3.791   99.6036   198.578         0         0   
       11     35.06   163.115   38.7222     193.5     3.689   100.311   198.488         0         0   
    11.08      34.9   162.727   38.5605     192.2      3.64   100.939   198.428         0         0   
    11.17     35.13   162.293   38.3839     191.2     4.291   101.642   198.438         0         0   
    11.26     34.83   161.853   38.2657     192.2     4.517   102.343   198.363         0         0   
    11.34     34.39   161.461   38.1105     192.9     4.042   102.964   198.258         0         0   
    11.43     33.97   161.014   37.9379     192.7     4.255   103.661   198.152         0         0   
    11.51     33.62   160.612   37.8442     192.9      4.05   104.278   198.072         0         0   
     11.6      33.2   160.161   37.6763     192.2     8.194    104.97    197.97         0         0   
    11.69     33.07   159.711   37.5071     194.2     4.327    105.66   197.919         0         0   
    11.77     33.36   159.315   37.4181     195.2     3.999   106.271   197.959         0         0   
    11.86     33.98   158.864   37.2568     195.4     3.728   106.957   198.041         0         0   
    11.94     34.01   158.461   37.1093     195.7     4.102   107.564   198.025         0         0   
    12.03     33.81   158.003   37.0063     197.4     4.359   108.245   197.976         0         0   
    12.12     34.19   157.542   36.8512     200.1      3.97   108.924   198.017         0         0   
     12.2     34.64   157.136   36.7061     200.5     4.188   109.525   198.078         0         0   
    12.29     35.25   156.679    36.608     200.1     4.991     110.2   198.179         0         0   
    12.37     35.82   156.276   36.4739     199.9     4.218   110.797   198.271         0         0   
    12.46      36.3    155.82   36.3718     201.6     3.921   111.467   198.357         0         0   
    12.54     36.69   155.412    36.239     200.8      4.08    112.06   198.418         0         0   
    12.63     37.25   154.951   36.0951     200.3     4.218   112.726   198.513         0         0   
    12.72      37.7   154.488   35.9672     199.7     4.134   113.389   198.591         0         0   
     12.8     38.15   154.076   35.8545     198.4      8.26   113.976   198.673         0         0   
    12.89      38.2   153.617   35.7291     201.6     4.112   114.635   198.683         0         0   
    12.97      37.9    153.21   35.6187     201.4     3.925   115.218   198.629         0         0   
    13.06     37.31   152.751   35.4957     200.6     4.102   115.872   198.523         0         0   
    13.15     36.92    152.29    35.374     200.6     4.681   116.524   198.455         0         0   
    13.23     37.21   151.881   35.2668     202.2     6.876   117.102   198.517         0         0   
    13.32     38.26   151.424   35.1474     202.2      7.29   117.749   198.729         0         0   
     13.4     38.83   151.024   35.0423       202     10.02   118.323   198.857         0         0   
    13.49     39.19   150.576   34.9251     202.5     8.758   118.966   198.951         0         0   
    13.58     40.07   150.131   34.8092       205     6.467   119.606   199.154         0         0   
    13.66     40.72   149.734    34.707     206.5     6.636   120.174   199.311         0         0   
    13.75        41   149.285   34.5932     206.4     9.865    120.81   199.396         0         0   
    13.83     41.46   148.886    34.493     208.9     8.049   121.374   199.518         0         0   
    13.92      42.3   148.436   34.3813     207.9     9.464   122.006   199.725         0         0   
    14.01     43.21   147.987   34.2706     210.2     9.318   122.635   199.953         0         0   
    14.09     44.02   147.592   34.1731     210.9     9.774   123.193   200.164         0         0   
    14.18     44.82    147.15   34.0644     212.6     10.26   123.818   200.383         0         0   
    14.26     45.27    146.76   33.9687     215.3     11.28   124.372   200.525         0         0   
    14.35     45.19   146.317    33.862     215.2     11.67   124.993   200.551         0         0   
    14.43     45.02   145.923   33.7679     216.9     10.92   125.543   200.553         0         0   
    14.52     44.94   145.482   33.6631     212.7     10.76   126.159   200.584         0         0   
    14.61        45   145.043   33.5592     214.1      7.61   126.773   200.649         0         0   
    14.69     45.25   144.653   33.4677     213.4      10.5   127.317   200.753         0         0   
    14.78     45.21    144.22   33.3656     213.9     6.131   127.927   200.803         0         0   
    14.86     45.06   143.839   33.2757       211     8.835   128.467   200.826         0         0   
    14.95     45.22   143.406   33.1753     205.4     8.219   129.073   200.924         0         0   
    15.04     45.34   142.974   33.0759     206.1     9.949   129.676   201.015         0         0   
    15.12     45.32   142.591   32.9882     210.8      10.8    130.21    201.07         0         0   
    15.21     45.01   142.165   32.8904     206.8     8.453   130.809   201.071         0         0   
    15.29     44.43   141.786   32.8043     195.3     7.883    131.34   201.006         0         0   
    15.38     43.66   141.365   32.7081     199.6     9.059   131.934   200.915         0         0   
    15.47     43.11   140.949   32.6128     202.6     7.511   132.527   200.878         0         0   
    15.55     42.94   140.576   32.5287       199     6.949   133.052   200.914         0         0   
    15.64     42.84   140.156    32.435     206.2     5.103    133.64   200.974         0         0   
    15.72     42.79   139.787   32.3523       203     7.981   134.161    201.04         0         0   
    15.81      42.9   139.374   32.2601     205.4     6.795   134.744   201.152         0         0   
     15.9     43.12    138.96   32.1686     199.9     6.257   135.326   201.289         0         0   
    15.98     43.53   138.598    32.088     194.3     6.496   135.841   201.462         0         0   
    16.07     43.68   138.197    31.998     194.1     7.457   136.419   201.594         0         0   
    16.15     43.56   137.842   31.9186     193.4     7.571    136.93    201.66         0         0   
    16.24     43.49   137.438     31.83     191.3     10.01   137.503   201.745         0         0   
    16.33     43.39   137.038   31.7422     193.8     7.054   138.074   201.827         0         0   
    16.41     43.46   136.684   31.6646       186     6.658    138.58   201.937         0         0   
     16.5     43.58   136.287   31.5781     186.8      8.83   139.147    202.07         0         0   
    16.58     43.35    135.94   31.5019     188.5     12.67   139.649   202.122         0         0   
    16.67     43.02   135.557   31.4166       190     15.34   140.212    202.17         0         0   
    16.75      43.1   135.219   31.3415     189.7     16.05    140.71   202.295         0         0   
    16.84     43.52   134.833   31.2576     200.8     15.56   141.269   202.504         0         0   
    16.93     43.54   134.451   31.1745     189.2     16.63   141.825    202.63         0         0   
    17.01     43.26   134.114    31.101     184.7     18.35   142.318   202.681         0         0   
     17.1     42.98   133.737    31.019     203.3     14.91   142.871   202.749         0         0   
    17.18     42.75   133.407   30.9467       209     16.37    143.36   202.817         0         0   
    17.27     42.91   133.047    30.866     224.3     16.59   143.908    202.99         0         0   
    17.36        43   132.691   30.7858     212.3     17.39   144.454   203.152         0         0   
    17.44     42.97   132.367   30.7151     203.8     18.95   144.938   203.268         0         0   
    17.53     42.92   132.007   30.6361     223.2     21.79    145.48   203.398         0         0   
    17.61     42.82   131.688   30.5665     194.5      19.8    145.96   203.504         0         0   
     17.7     42.67   131.336   30.4886     193.9      20.6   146.498    203.62         0         0   
    17.79      42.5   130.986   30.4113     190.6     19.88   147.034   203.734         0         0   
    17.87     42.47   130.703   30.3433     192.4     19.08   147.509   203.879         0         0   
    17.96     42.48   130.379    30.267     196.3     19.11   148.041   204.048         0         0   
    18.04     42.72   130.081   30.1999     191.8     17.43   148.512    204.24         0         0   
    18.13     43.13   129.723   30.1247     194.8     18.61    149.04   204.472         0         0   
    18.22     43.02   129.526   30.0503     198.4     18.17   149.566   204.697         0         0   
     18.3     42.85   129.282   29.9845     220.3     18.81   150.032   204.838         0         0   
    18.39     42.65    128.94    29.911     214.4     18.84   150.554   204.953         0         0   
    18.47     42.56   128.734   29.8462     200.8     17.88   151.016   205.135         0         0   
    18.56     42.59   128.452   29.7737     199.4     17.59   151.534   205.336         0         0   
    18.65     42.81    128.17   29.7018     200.4     16.81    152.05   205.577         0         0   
    18.73     43.13    127.98   29.6383     196.3      17.5   152.508   205.854         0         0   
    18.82     43.25   127.782   29.5673     205.8     11.38    153.02   206.126         0         0   
     18.9     43.29   127.571   29.5046     191.3     22.98   153.473   206.332         0         0   
    18.99     43.39   127.364   29.4346     193.1     16.99   153.982   206.594         0         0   
    19.16     43.57   127.333   29.3037     199.2     16.97   154.937   207.307         0         0   
