!# Results of ROTMAS saved at 12-May-2008 (13:17:18)
!# User velocity         : Vu=SQRT(4*{PI}*4.321*RHO*RC*RC*(1-(RC/R)*ATAN(R/RC)))
!# Total velocity        : Vt=SQRT(MG*VG*ABS(VG)+MD*VD*ABS(VD)+VU**2)
!# Chi-square            : 235.343
!# Red. Chi-square (N=68,n=2) : 3.565808
!# Parameter name  :           RC         RHO          MD          MG
!# Parameter value :     1.463270   126.047997     0.710000     1.000000 
!# Parameter error :     0.101904    12.220684     0.000000     0.000000 
!#
!# Radius |  vgas   |  vdisk  |  vbulge |  vobs   | err vobs|   Vu    |   Vt    |   Rxv   |   Vxy   |
!# kpc       km/s      km/s       km/s     km/s     km/s       km/s      km/s       kpc       km/s   
!#===================================================================================================
   0.1139   -0.7374    13.062         0      18.2     2.821   5.43051   14.1266         0         0   
   0.2278    0.8858   21.2585         0     29.11     2.346   10.8027   23.8622         0         0   
   0.3417     2.077   24.9824         0        38      2.68    16.062   29.7729         0         0   
   0.4555     1.452   28.0833         0     46.19     2.261   21.1567   35.1907         0         0   
   0.5694     1.051   32.0821         0      50.3     2.172   26.0573   41.3443         0         0   
   0.6833     1.204   34.7279         0     52.95     2.304   30.7313   46.3885         0         0   
   0.7972    0.7131   36.7407         0     55.28     2.099   35.1606   50.8592         0         0   
   0.9111    0.4738   38.8952         0     57.42     2.093   39.3358   55.3206         0         0   
    1.025    0.8499   40.4678         0     59.77     1.904   43.2555   59.2402         0         0   
    1.139    -0.874   41.1483         0     61.65     2.062   46.9268   62.4063         0         0   
    1.253    0.7508    41.483         0     63.17     2.212    50.355   65.2459         0         0   
    1.367     1.489   41.9053         0     64.92     2.379   53.5513   68.0148         0         0   
     1.48     3.598   43.0144         0     66.63     2.614   56.5039   71.1047         0         0   
    1.594      6.02   44.5176         0     67.73     3.001    59.279   74.3779         0         0   
    1.708     7.826   46.0144         0     69.46     2.897    61.864   77.4966         0         0   
    1.822     9.023   47.4093         0     72.15     2.772    64.273   80.3746         0         0   
    1.936     9.767   48.6212         0     74.37     2.782   66.5195   82.9714         0         0   
     2.05     10.29   49.4064         0     76.62     2.698   68.6164   85.1768         0         0   
    2.164     10.85   49.5301         0     78.99     3.035   70.5757   86.9016         0         0   
    2.278      11.5   49.1612         0     81.48     3.381   72.4086   88.2728         0         0   
    2.392     11.95   48.8477         0     84.67     3.858   74.1253   89.5738         0         0   
    2.505     12.08   49.0173         0     87.62     4.263   75.7216   91.0076         0         0   
    2.619     12.01   49.5712         0     90.35     4.127   77.2343   92.5564         0         0   
    2.733     11.59   49.8567         0     92.93     3.528   78.6566    93.845         0         0   
    2.847     11.24    49.579         0     94.93     3.356   79.9957   94.7826         0         0   
    2.961     11.99   49.3483         0     96.82     3.431   81.2581   95.8223         0         0   
    3.075     14.25   49.1737         0     98.94     3.402   82.4498    97.052         0         0   
    3.189     16.99   49.6703         0     101.1     3.516    83.576   98.6952         0         0   
    3.303     19.33   50.1186         0     103.4     3.724   84.6417   100.248         0         0   
    3.417     21.28   50.3113         0     105.6     3.722   85.6514   101.589         0         0   
     3.53     22.34    50.036         0     107.6     3.735    86.601   102.481         0         0   
    3.644     22.68   49.5511         0     109.5     3.808   87.5108   103.091         0         0   
    3.758     23.18   48.9913         0     110.5      3.67   88.3758   103.671         0         0   
    3.872     24.26   48.6313         0     111.7     3.572    89.199   104.451         0         0   
    3.986     25.52   48.2256         0     113.3     3.325   89.9832   105.233         0         0   
      4.1     26.37   47.8074         0     114.9     3.373   90.7309   105.892         0         0   
    4.214     26.85   47.3846         0     115.9     3.582   91.4448   106.435         0         0   
    4.328     27.42   46.8825         0     116.6     3.921   92.1267   106.945         0         0   
    4.441     28.22   46.4236         0     117.3     4.176   92.7733    107.51         0         0   
    4.555     28.88   46.0925         0     117.9     4.435   93.3978   108.082         0         0   
    4.669     29.37   45.8447         0     117.6     4.951    93.996   108.626         0         0   
    4.783     29.81   45.6122         0     117.1     5.302   94.5695   109.144         0         0   
    4.897     29.96   45.3105         0     115.7     4.865   95.1198   109.537         0         0   
    5.011     29.93   44.8572         0       114     4.503   95.6482   109.802         0         0   
    5.125     29.94   44.3916         0     114.2     4.665    96.156   110.059         0         0   
    5.239     29.91   43.9536         0     114.3      4.68   96.6443   110.302         0         0   
    5.353     29.92   43.4892         0     114.1     4.472   97.1142   110.534         0         0   
    5.466     30.18   42.9517         0     113.3     4.317   97.5628   110.789         0         0   
     5.58     30.52   42.4186         0     112.4     4.403   97.9989   111.061         0         0   
    5.694     30.85   42.0015         0     111.7      4.47   98.4195   111.365         0         0   
    5.808     31.13    41.677         0     110.9     4.314   98.8252    111.68         0         0   
    5.922     31.44   41.1644         0     110.7     4.482   99.2169   111.924         0         0   
    6.036     31.95   40.6892         0       111     4.351   99.5952    112.23         0         0   
     6.15      32.4   40.2538         0     112.6     3.837   99.9609   112.527         0         0   
    6.264      32.8    39.828         0     114.1     3.526   100.314   112.806         0         0   
    6.377     33.06   39.4474         0     113.5     3.502   100.654    113.05         0         0   
    6.491     33.16   39.0149         0     112.7     3.434   100.985   113.224         0         0   
    6.605     33.14   38.6763         0     111.7     3.678   101.306   113.388         0         0   
    6.719     33.03   38.3144         0     110.9     4.048   101.616   113.512         0         0   
    6.833      32.9   38.0159         0     109.6     4.753   101.918   113.643         0         0   
    6.947     32.77   37.6815         0     109.4     4.782    102.21   113.757         0         0   
    7.061     32.56   37.3943         0       107      5.61   102.493   113.857         0         0   
    7.175     32.39   37.0809         0     105.6     5.587   102.769   113.954         0         0   
    7.289     32.17   36.8852         0     106.2     8.135   103.036   114.069         0         0   
    7.402     31.95   36.6495         0     104.1     4.704   103.293   114.164         0         0   
    7.516     31.73   36.5014         0     99.34     4.541   103.546   114.284         0         0   
     7.63     31.54   36.2914         0     98.11     4.227   103.791   114.387         0         0   
    7.744      31.3   36.2265         0     101.7      5.79    104.03   114.518         0         0   
