!# Results of ROTMAS saved at 15-Oct-2007 (10:54:09)
!# User velocity         : Vu=V200*SQRT(((LN(1+C*R*0.75/V200))-(C*R*0.75/V200)/(1+C*R*0.75/V200))/((0.75*R/V200)*(LN(1+C)-(C/(1+C)))))
!# Total velocity        : Vt=SQRT(MG*VG*ABS(VG)+MD*VD*ABS(VD)+MB*VB*ABS(VB)+VU**2)
!# Chi-square            : 24.131
!# Red. Chi-square (N=105,n=4) : 0.238920
!# Parameter name  :            C        V200          MB          MD          MG
!# Parameter value :     3.264630   257.072998     0.723343     0.738217     1.000000 
!# Parameter error :     1.079194    56.783855     0.073489     0.030231     0.000000 
!#
!# Radius |  vgas   |  vdisk  |  vbulge |  vobs   | err vobs|   Vu    |   Vt    |   Rxv   |   Vxy   |
!# kpc       km/s      km/s       km/s     km/s     km/s       km/s      km/s       kpc       km/s   
!#===================================================================================================
    3.001    -12.85   186.669   141.434     253.2      7.47   65.8486    242.94         0         0   
    3.216     -12.6   194.249   135.838     247.9     11.38    68.076   246.293         0         0   
     3.43    -12.26   201.618   131.199     251.5     19.33   70.2117   250.285         0         0   
    3.644    -12.75   208.221   126.679     242.7     13.94   72.2736   253.898         0         0   
    3.859    -13.21   213.612   123.013     254.9      4.77   74.2769   257.109         0         0   
    4.073    -14.08   218.035   119.255     254.7     6.105   76.2084   259.558         0         0   
    4.287    -12.74   221.195   116.139     253.1     10.99   78.0824   261.438         0         0   
    4.502    -12.21   224.296   113.075     260.5     7.047   79.9113   263.308         0         0   
    4.716    -11.38   226.488    110.38     263.4     9.199   81.6817   264.619         0         0   
     4.93    -8.553   228.209   107.823     262.2      12.1   83.4056   265.685         0         0   
    5.145    -4.056   229.554   105.444     266.7     10.38   85.0935   266.529         0         0   
    5.359    -1.122    230.88   103.259     267.4     11.73   86.7324   267.374         0         0   
    5.574    -5.985   230.925    101.14     267.4      13.5   88.3399   267.065         0         0   
    5.788    -8.126   230.316   99.2716     268.1     13.27   89.9033   266.302         0         0   
    6.002    -8.397   229.112   97.3529     265.7     13.41   91.4319   265.065         0         0   
    6.217     -5.67   228.025   95.6553     261.4     12.31   92.9346   264.103         0         0   
    6.431    -5.352   226.544   93.9636     260.8     11.89   94.3989   262.743         0         0   
    6.645     3.806   225.089   92.4327     257.5     9.699   95.8334   261.548         0         0   
     6.86     6.812   223.547   90.9163     258.7     8.035   97.2459   260.274         0         0   
    7.074     6.615    222.72   89.5096       258     5.408   98.6246   259.589         0         0   
    7.289     3.505   221.641   88.2143     257.8      5.18   99.9836    258.68         0         0   
    7.503     5.449   220.421   86.8586     259.6     5.583   101.311   257.728         0         0   
    7.717     7.855   219.341    85.667     259.6     7.152   102.615   256.985         0         0   
    7.932     8.635   218.731    84.435     260.6     8.473   103.902   256.599         0         0   
    8.146     9.936   217.913   83.3323     262.8     11.09    105.16   256.102         0         0   
     8.36      13.5   216.891   82.2133     263.4     12.88   106.398   255.546         0         0   
    8.575     16.59   215.813   81.1821     264.8     14.64    107.62   254.996         0         0   
    8.789     18.38   214.765   80.2195     263.8     15.44   108.817   254.437         0         0   
    9.003     18.83    213.93   79.1945     263.4     15.76   109.995   253.952         0         0   
    9.218     18.32   212.486   78.2908     259.6     13.86    111.16   252.927         0         0   
    9.432      17.8   211.143   77.3477     256.6     14.45   112.302   251.977         0         0   
    9.647     18.81   209.934   76.4992     251.5     13.04   113.432   251.287         0         0   
    9.861     19.93   209.021   75.7011     249.5     13.04   114.539   250.872         0         0   
    10.08     20.42    207.68   74.8165     248.3     13.14   115.656   250.044         0         0   
    10.29     21.84   206.557    74.076       248     13.92   116.712   249.503         0         0   
     10.5     24.44   205.491   73.2804     248.6     15.03   117.753   249.118         0         0   
    10.72     27.51   204.714   72.5484     246.3     13.46   118.828   249.094         0         0   
    10.93     28.02   203.579   71.8067     248.8     15.19    119.84    248.49         0         0   
    11.15     28.85   202.501    71.114     248.8     14.55   120.886   248.011         0         0   
    11.36     30.56   201.494   70.4842     249.7     14.31   121.871   247.698         0         0   
    11.58     32.23   200.593   69.7654     250.2     14.79   122.889   247.478         0         0   
    11.79     33.17    199.39   69.1663     249.7     13.01   123.848   246.939         0         0   
       12     34.18   198.244   68.5186       251     11.38   124.795    246.45         0         0   
    12.22     35.26   197.179   67.9191     249.2     11.28   125.775    246.08         0         0   
    12.43     35.98   196.382   67.3087     250.3     10.97   126.699   245.852         0         0   
    12.65     35.82   195.152   66.7385       250     10.75   127.654   245.187         0         0   
    12.86     35.11   193.842   66.2175       251     9.954   128.555   244.374         0         0   
    13.08     34.76   192.516   65.6203     250.1     10.23   129.487   243.605         0         0   
    13.29     34.06   191.322   65.1225       248     11.56   130.366     242.9         0         0   
    13.51     33.83       190   64.5588     246.5     11.68   131.277   242.169         0         0   
    13.72     33.86   188.799    64.079     245.6     11.06   132.135   241.573         0         0   
    13.93     34.27   187.769   63.5658     244.8     10.32   132.984   241.157         0         0   
    14.15      35.2   186.865   63.0849     243.5      9.46   133.863   240.949         0         0   
    14.36     35.99   186.004   62.6447     243.1     8.674   134.693   240.747         0         0   
    14.58     37.68   185.143   62.1381     243.6     8.475   135.553   240.693         0         0   
    14.79     38.89   184.323    61.716     243.1     7.548   136.364   240.607         0         0   
    15.01     39.05   183.428   61.2343     241.4     7.192   137.205   240.303         0         0   
    15.22     39.68   182.715    60.826     240.4     7.384   137.998   240.214         0         0   
    15.43     39.94   182.055   60.4322     239.3     6.595   138.784   240.109         0         0   
    15.65     41.45   181.552    59.974     238.8     12.44   139.598   240.341         0         0   
    15.86     43.06   181.036   59.5955     239.2     6.425   140.366   240.588         0         0   
    16.08     44.09   180.505   59.1586     239.6     6.707   141.163   240.734         0         0   
    16.29     44.86   179.993   58.7948       240     7.201   141.916   240.846         0         0   
    16.51     46.11   179.566   58.3771     240.5      7.69   142.697   241.123         0         0   
    16.72     47.68   179.165    58.024     241.1     7.845   143.434   241.482         0         0   
    16.94     48.74   178.927   57.6656     242.1     7.967   144.199   241.886         0         0   
    17.15     49.42   178.421   57.2831     242.5      8.44   144.921   241.992         0         0   
    17.36     50.16   178.003   56.9532     243.1     8.508   145.637   242.188         0         0   
    17.58     50.89   177.552   56.5714     243.5     8.693   146.379   242.367         0         0   
    17.79     51.51   177.127   56.2534       244     9.866   147.081   242.537         0         0   
    18.01     52.69   176.457   55.8866     242.3     9.043   147.808    242.66         0         0   
    18.22     53.61   175.889   55.5773     242.3     9.646   148.496   242.799         0         0   
    18.44     54.29   175.327   55.2618     242.4     9.888    149.21   242.908         0         0   
    18.65     55.25   174.735   54.9253     241.9     9.333   149.885   243.037         0         0   
    18.86     56.43   174.072   54.6344     242.8     8.928   150.554   243.181         0         0   
    19.08     57.18    173.41   54.2969     242.3     8.317   151.248   243.238         0         0   
    19.29     57.94   172.922    54.016     240.8     8.601   151.904   243.417         0         0   
    19.51      58.6   172.451   53.6905     240.2     9.203   152.586   243.594         0         0   
    19.72     59.38   171.981   53.4167     239.7     8.832    153.23   243.795         0         0   
    19.94     60.12   171.571   53.1361     239.7     8.831   153.899   244.048         0         0   
    20.15     61.19   171.359    52.837       239     9.069   154.531   244.499         0         0   
    20.37     62.53   171.137   52.5657     238.5     8.721   155.188    245.04         0         0   
    20.58     63.98   171.109   52.2768     239.2     7.779   155.809   245.726         0         0   
    20.79     65.15   170.842   52.0264     238.6     8.341   156.425   246.185         0         0   
    21.01     65.36   170.462   51.7349     238.3     7.595   157.065   246.323         0         0   
    21.22     65.42   170.026   51.4902     238.9      7.42    157.67   246.373         0         0   
    21.44     66.27   169.576   51.2386     238.5     8.039   158.299   246.641         0         0   
    21.65        66   168.754   50.9705     240.5     7.741   158.893   246.331         0         0   
    21.87     65.41   167.963   50.7268     242.2     4.737   159.511   245.982         0         0   
    22.08     64.47   167.238    50.467     242.5     5.532   160.095   245.566         0         0   
    22.29     63.09   166.378   50.2418     243.4     6.043   160.675   244.955         0         0   
    22.51     61.67   165.542    50.008       245     5.868   161.277   244.374         0         0   
    22.72     61.15   165.011   49.7584     245.1     6.338   161.847    244.21         0         0   
    22.94     60.55   164.568   49.5312     243.9     5.761   162.439   244.108         0         0   
    23.15     60.12   164.165    49.289     245.3     8.139       163   244.055         0         0   
    23.37     59.69   163.686   49.0685     246.7     7.523   163.582   243.973         0         0   
    23.58     59.38   163.394   48.8332     246.2     8.734   164.134   244.025         0         0   
    23.79     59.12   162.656   48.6292     247.3     8.251   164.681   243.796         0         0   
    24.01     58.44   161.997   48.4169     245.9     8.837   165.249   243.536         0         0   
    24.22     57.94   161.453   48.1905     247.9      8.39   165.787   243.376         0         0   
    24.44     57.76   161.126    47.984     250.2     9.062   166.346   243.457         0         0   
    24.65     57.68   160.953   47.7637     250.8     8.984   166.876   243.643         0         0   
    24.87     57.52    160.95   47.5631       253     7.802   167.426   243.941         0         0   
    25.08     57.44   161.094   47.3485     253.6     8.535   167.947   244.333         0         0   
     25.3     57.25   161.081   47.1538     255.1     8.489   168.489   244.615         0         0   
