!# Results of ROTMAS saved at 15-Oct-2007 (10:53:27)
!# User velocity         : Vu=SQRT(4*{PI}*4.321*RHO*RC*RC*(1-(RC/R)*ATAN(R/RC)))
!# Total velocity        : Vt=SQRT(MG*VG*ABS(VG)+MD*VD*ABS(VD)+MB*VB*ABS(VB)+VU**2)
!# Chi-square            : 304.664
!# Red. Chi-square (N=105,n=1) : 2.929466
!# Parameter name  :           RC         RHO          MB          MD          MG
!# Parameter value : 10000.000000     1.557210     1.000000     1.000000     1.000000 
!# Parameter error :     0.000000     0.113444     0.000000     0.000000     0.000000 
!#
!# Radius |  vgas   |  vdisk  |  vbulge |  vobs   | err vobs|   Vu    |   Vt    |   Rxv   |   Vxy   |
!# kpc       km/s      km/s       km/s     km/s     km/s       km/s      km/s       kpc       km/s   
!#===================================================================================================
    3.001    -12.85    217.26   166.296     253.2      7.47   15.9322   273.761         0         0   
    3.216     -12.6   226.082   159.716     247.9     11.38   17.0736   277.047         0         0   
     3.43    -12.26   234.659   154.262     251.5     19.33   18.2098   281.146         0         0   
    3.644    -12.75   242.344   148.947     242.7     13.94   19.3459   284.829         0         0   
    3.859    -13.21   248.619   144.637     254.9      4.77   20.4873   288.056         0         0   
    4.073    -14.08   253.766   140.218     254.7     6.105   21.6234   290.392         0         0   
    4.287    -12.74   257.444   136.555     253.1     10.99   22.7595   292.028         0         0   
    4.502    -12.21   261.053   132.952     260.5     7.047    23.901   293.679         0         0   
    4.716    -11.38   263.605   129.783     263.4     9.199   25.0371   294.667         0         0   
     4.93    -8.553   265.608   126.777     262.2      12.1   26.1732    295.35         0         0   
    5.145    -4.056   267.173   123.979     266.7     10.38   27.3146   295.773         0         0   
    5.359    -1.122   268.716    121.41     267.4     11.73   28.4508   296.238         0         0   
    5.574    -5.985   268.769   118.919     267.4      13.5   29.5922   295.328         0         0   
    5.788    -8.126    268.06   116.722     268.1     13.27   30.7283   293.868         0         0   
    6.002    -8.397   266.659   114.466     265.7     13.41   31.8644   291.812         0         0   
    6.217     -5.67   265.394    112.47     261.4     12.31   33.0058    290.07         0         0   
    6.431    -5.352    263.67   110.481     260.8     11.89    34.142   287.863         0         0   
    6.645     3.806   261.976   108.681     257.5     9.699   35.2781   285.836         0         0   
     6.86     6.812   260.182   106.898     258.7     8.035   36.4195   283.716         0         0   
    7.074     6.615   259.219   105.244       258     5.408   37.5556   282.356         0         0   
    7.289     3.505   257.963   103.721     257.8      5.18   38.6971   280.736         0         0   
    7.503     5.449   256.544   102.127     259.6     5.583   39.8332   279.036         0         0   
    7.717     7.855   255.287   100.726     259.6     7.152   40.9693   277.592         0         0   
    7.932     8.635   254.577   99.2774     260.6     8.473   42.1107    276.61         0         0   
    8.146     9.936   253.625   97.9809     262.8     11.09   43.2468    275.49         0         0   
     8.36      13.5   252.435   96.6652     263.4     12.88    44.383   274.262         0         0   
    8.575     16.59    251.18   95.4527     264.8     14.64   45.5244   273.039         0         0   
    8.789     18.38    249.96   94.3209     263.8     15.44   46.6605    271.83         0         0   
    9.003     18.83   248.989   93.1157     263.4     15.76   47.7966   270.749         0         0   
    9.218     18.32   247.308   92.0531     259.6     13.86    48.938   269.009         0         0   
    9.432      17.8   245.745   90.9443     256.6     14.45   50.0742   267.368         0         0   
    9.647     18.81   244.338   89.9466     251.5     13.04   51.2156   266.023         0         0   
    9.861     19.93   243.275   89.0082     249.5     13.04   52.3517   265.034         0         0   
    10.08     20.42   241.715   87.9681     248.3     13.14   53.5144   263.525         0         0   
    10.29     21.84   240.407   87.0974       248     13.92   54.6293   262.379         0         0   
     10.5     24.44   239.167    86.162     248.6     15.03   55.7441   261.399         0         0   
    10.72     27.51   238.262   85.3013     246.3     13.46   56.9121   260.846         0         0   
    10.93     28.02   236.941   84.4292     248.8     15.19    58.027   259.657         0         0   
    11.15     28.85   235.687   83.6148     248.8     14.55    59.195   258.604         0         0   
    11.36     30.56   234.515   82.8742     249.7     14.31   60.3098   257.753         0         0   
    11.58     32.23   233.466   82.0291     250.2     14.79   61.4778   257.009         0         0   
    11.79     33.17   232.066   81.3247     249.7     13.01   62.5927   255.903         0         0   
       12     34.18   230.732   80.5631       251     11.38   63.7076   254.862         0         0   
    12.22     35.26   229.493   79.8582     249.2     11.28   64.8755   253.962         0         0   
    12.43     35.98   228.565   79.1405     250.3     10.97   65.9904   253.287         0         0   
    12.65     35.82   227.133   78.4701       250     10.75   67.1584   252.072         0         0   
    12.86     35.11   225.609   77.8575       251     9.954   68.2733   250.709         0         0   
    13.08     34.76   224.065   77.1553     250.1     10.23   69.4413   249.376         0         0   
    13.29     34.06   222.676   76.5701       248     11.56   70.5561   248.165         0         0   
    13.51     33.83   221.137   75.9072     246.5     11.68   71.7241   246.885         0         0   
    13.72     33.86   219.739   75.3431     245.6     11.06    72.839   245.792         0         0   
    13.93     34.27    218.54   74.7397     244.8     10.32   73.9539   244.927         0         0   
    14.15      35.2   217.488   74.1743     243.5      9.46   75.1218   244.306         0         0   
    14.36     35.99   216.486   73.6567     243.1     8.674   76.2367   243.719         0         0   
    14.58     37.68   215.484    73.061     243.6     8.475   77.4047   243.275         0         0   
    14.79     38.89    214.53   72.5647     243.1     7.548   78.5196    242.83         0         0   
    15.01     39.05   213.488   71.9984     241.4     7.192   79.6875   242.149         0         0   
    15.22     39.68   212.658   71.5183     240.4     7.384   80.8024   241.747         0         0   
    15.43     39.94    211.89   71.0553     239.3     6.595   81.9173   241.354         0         0   
    15.65     41.45   211.305   70.5165     238.8     12.44   83.0853   241.337         0         0   
    15.86     43.06   210.704   70.0715     239.2     6.425   84.2001    241.35         0         0   
    16.08     44.09   210.086   69.5578     239.6     6.707   85.3681   241.259         0         0   
    16.29     44.86    209.49     69.13       240     7.201    86.483   241.157         0         0   
    16.51     46.11   208.993   68.6389     240.5      7.69    87.651   241.243         0         0   
    16.72     47.68   208.527   68.2237     241.1     7.845   88.7658   241.435         0         0   
    16.94     48.74   208.249   67.8023     242.1     7.967   89.9338    241.72         0         0   
    17.15     49.42   207.661   67.3526     242.5      8.44   91.0487   241.644         0         0   
    17.36     50.16   207.174   66.9647     243.1     8.508   92.1636   241.693         0         0   
    17.58     50.89   206.649   66.5158     243.5     8.693   93.3316    241.72         0         0   
    17.79     51.51   206.154   66.1419       244     9.866   94.4464   241.759         0         0   
    18.01     52.69   205.375   65.7106     242.3     9.043   95.6144   241.692         0         0   
    18.22     53.61   204.714    65.347     242.3     9.646   96.7293   241.679         0         0   
    18.44     54.29   204.059    64.976     242.4     9.888   97.8973   241.647         0         0   
    18.65     55.25    203.37   64.5803     241.9     9.333   99.0121   241.632         0         0   
    18.86     56.43   202.599   64.2383     242.8     8.928   100.127   241.625         0         0   
    19.08     57.18   201.828   63.8415     242.3     8.317   101.295   241.538         0         0   
    19.29     57.94    201.26   63.5112     240.8     8.601    102.41   241.628         0         0   
    19.51      58.6   200.712   63.1285     240.2     9.203   103.578   241.729         0         0   
    19.72     59.38   200.165   62.8065     239.7     8.832   104.693   241.862         0         0   
    19.94     60.12   199.688   62.4766     239.7     8.831   105.861   242.073         0         0   
    20.15     61.19   199.441    62.125       239     9.069   106.976   242.537         0         0   
    20.37     62.53   199.183   61.8059     238.5     8.721   108.144   243.103         0         0   
    20.58     63.98    199.15   61.4663     239.2     7.779   109.258   243.864         0         0   
    20.79     65.15   198.839   61.1718     238.6     8.341   110.373   244.348         0         0   
    21.01     65.36   198.397   60.8291     238.3     7.595   111.541   244.489         0         0   
    21.22     65.42    197.89   60.5414     238.9      7.42   112.656   244.534         0         0   
    21.44     66.27   197.366   60.2456     238.5     8.039   113.824   244.807         0         0   
    21.65        66   196.409   59.9303     240.5     7.741   114.939   244.408         0         0   
    21.87     65.41   195.489   59.6438     242.2     4.737   116.107   243.993         0         0   
    22.08     64.47   194.645   59.3383     242.5     5.532   117.222   243.526         0         0   
    22.29     63.09   193.644   59.0735     243.4     6.043   118.337   242.841         0         0   
    22.51     61.67   192.671   58.7987       245     5.868   119.505   242.206         0         0   
    22.72     61.15   192.053   58.5052     245.1     6.338    120.62   242.065         0         0   
    22.94     60.55   191.537    58.238     243.9     5.761   121.788   242.026         0         0   
    23.15     60.12   191.068   57.9532     245.3     8.139   122.902   242.043         0         0   
    23.37     59.69   190.511    57.694     246.7     7.523    124.07   242.032         0         0   
    23.58     59.38   190.171   57.4173     246.2     8.734   125.185   242.196         0         0   
    23.79     59.12   189.312   57.1775     247.3     8.251     126.3   241.982         0         0   
    24.01     58.44   188.545   56.9278     245.9     8.837   127.468   241.771         0         0   
    24.22     57.94   187.912   56.6617     247.9      8.39   128.583   241.686         0         0   
    24.44     57.76   187.531   56.4188     250.2     9.062   129.751   241.914         0         0   
    24.65     57.68    187.33   56.1598     250.8     8.984   130.866   242.279         0         0   
    24.87     57.52   187.326    55.924       253     7.802   132.034   242.817         0         0   
    25.08     57.44   187.494   55.6717     253.6     8.535   133.149   243.477         0         0   
     25.3     57.25   187.479   55.4427     255.1     8.489   134.317    244.01         0         0   
