!# Results of ROTMAS saved at 12-Oct-2007 (16:12:03)
!# User velocity         : Vu=SQRT(4*{PI}*4.321*RHO*RC*RC*(1-(RC/R)*ATAN(R/RC)))
!# Total velocity        : Vt=SQRT(MG*VG*ABS(VG)+MD*VD*ABS(VD)+VU**2)
!# Chi-square            : 196.058
!# Red. Chi-square (N=68,n=2) : 2.970576
!# Parameter name  :           RC         RHO          MD          MG
!# Parameter value :     1.926590    77.192001     1.000000     1.000000 
!# Parameter error :     0.147879     7.708025     0.000000     0.000000 
!#
!# Radius |  vgas   |  vdisk  |  vbulge |  vobs   | err vobs|   Vu    |   Vt    |   Rxv   |   Vxy   |
!# kpc       km/s      km/s       km/s     km/s     km/s       km/s      km/s       kpc       km/s   
!#===================================================================================================
   0.1139   -0.7374   15.5017         0      18.2     2.821   4.25296   16.0576         0         0   
   0.2278    0.8858   25.2292         0     29.11     2.346    8.4794   26.6308         0         0   
   0.3417     2.077   29.6487         0        38      2.68   12.6538   32.3029         0         0   
   0.4555     1.452   33.3287         0     46.19     2.261   16.7491   37.3288         0         0   
   0.5694     1.051   38.0745         0      50.3     2.172   20.7516   43.3751         0         0   
   0.6833     1.204   41.2144         0     52.95     2.304     24.64   48.0334         0         0   
   0.7972    0.7131   43.6032         0     55.28     2.099   28.4001   52.0415         0         0   
   0.9111    0.4738   46.1601         0     57.42     2.093   32.0212   56.1813         0         0   
    1.025    0.8499   48.0265         0     59.77     1.904   35.4961   59.7264         0         0   
    1.139    -0.874    48.834         0     61.65     2.062   38.8233   62.3798         0         0   
    1.253    0.7508   49.2313         0     63.17     2.212   41.9981   64.7157         0         0   
    1.367     1.489   49.7325         0     64.92     2.379   45.0211   67.1002         0         0   
     1.48     3.598   51.0487         0     66.63     2.614   47.8702   70.0748         0         0   
    1.594      6.02   52.8327         0     67.73     3.001   50.5998   73.4022         0         0   
    1.708     7.826    54.609         0     69.46     2.897   53.1889   76.6319         0         0   
    1.822     9.023   56.2645         0     72.15     2.772   55.6432   79.6447         0         0   
    1.936     9.767   57.7028         0     74.37     2.782   57.9688   82.3735         0         0   
     2.05     10.29   58.6346         0     76.62     2.698   60.1721   84.6439         0         0   
    2.164     10.85   58.7814         0     78.99     3.035   62.2596    86.309         0         0   
    2.278      11.5   58.3436         0     81.48     3.381   64.2378    87.537         0         0   
    2.392     11.95   57.9716         0     84.67     3.858    66.113    88.738         0         0   
    2.505     12.08   58.1728         0     87.62     4.263    67.876   90.2062         0         0   
    2.619     12.01   58.8302         0     90.35     4.127    69.564   91.8934         0         0   
    2.733     11.59    59.169         0     92.93     3.528   71.1665   93.2737         0         0   
    2.847     11.24   58.8395         0     94.93     3.356   72.6888   94.1918         0         0   
    2.961     11.99   58.5657         0     96.82     3.431   74.1359   95.2357         0         0   
    3.075     14.25   58.3585         0     98.94     3.402   75.5124    96.493         0         0   
    3.189     16.99   58.9478         0     101.1     3.516   76.8228    98.312         0         0   
    3.303     19.33   59.4798         0     103.4     3.724   78.0712   100.033         0         0   
    3.417     21.28   59.7085         0     105.6     3.722   79.2614    101.49         0         0   
     3.53     22.34   59.3818         0     107.6     3.735   80.3872   102.408         0         0   
    3.644     22.68   58.8063         0     109.5     3.808   81.4718   103.006         0         0   
    3.758     23.18    58.142         0     110.5      3.67   82.5083   103.564         0         0   
    3.872     24.26   57.7147         0     111.7     3.572   83.4994   104.363         0         0   
    3.986     25.52   57.2333         0     113.3     3.325   84.4478   105.159         0         0   
      4.1     26.37    56.737         0     114.9     3.373   85.3561   105.831         0         0   
    4.214     26.85   56.2352         0     115.9     3.582   86.2266   106.388         0         0   
    4.328     27.42   55.6393         0     116.6     3.921   87.0613   106.898         0         0   
    4.441     28.22   55.0947         0     117.3     4.176   87.8556   107.473         0         0   
    4.555     28.88   54.7017         0     117.9     4.435   88.6252   108.078         0         0   
    4.669     29.37   54.4076         0     117.6     4.951   89.3648   108.669         0         0   
    4.783     29.81   54.1317         0     117.1     5.302    90.076   109.236         0         0   
    4.897     29.96   53.7737         0     115.7     4.865   90.7604   109.666         0         0   
    5.011     29.93   53.2357         0       114     4.503   91.4192   109.942         0         0   
    5.125     29.94   52.6831         0     114.2     4.665    92.054   110.208         0         0   
    5.239     29.91   52.1633         0     114.3      4.68   92.6659   110.465         0         0   
    5.353     29.92   51.6122         0     114.1     4.472    93.256   110.706         0         0   
    5.466     30.18   50.9743         0     113.3     4.317   93.8207   110.957         0         0   
     5.58     30.52   50.3416         0     112.4     4.403   94.3708   111.228         0         0   
    5.694     30.85   49.8466         0     111.7      4.47   94.9023   111.548         0         0   
    5.808     31.13   49.4615         0     110.9     4.314    95.416   111.892         0         0   
    5.922     31.44   48.8532         0     110.7     4.482   95.9129   112.136         0         0   
    6.036     31.95   48.2892         0       111     4.351   96.3936   112.447         0         0   
     6.15      32.4   47.7725         0     112.6     3.837    96.859   112.755         0         0   
    6.264      32.8   47.2672         0     114.1     3.526   97.3097   113.045         0         0   
    6.377     33.06   46.8155         0     113.5     3.502   97.7427   113.306         0         0   
    6.491     33.16   46.3022         0     112.7     3.434   98.1662    113.49         0         0   
    6.605     33.14   45.9003         0     111.7     3.678   98.5768   113.677         0         0   
    6.719     33.03   45.4708         0     110.9     4.048   98.9753   113.819         0         0   
    6.833      32.9   45.1166         0     109.6     4.753   99.3621   113.977         0         0   
    6.947     32.77   44.7197         0     109.4     4.782   99.7376   114.111         0         0   
    7.061     32.56   44.3789         0       107      5.61   100.102   114.237         0         0   
    7.175     32.39   44.0069         0     105.6     5.587   100.457   114.356         0         0   
    7.289     32.17   43.7747         0     106.2     8.135   100.802   114.508         0         0   
    7.402     31.95   43.4949         0     104.1     4.704   101.134   114.633         0         0   
    7.516     31.73   43.3192         0     99.34     4.541    101.46   114.793         0         0   
     7.63     31.54     43.07         0     98.11     4.227   101.778   114.928         0         0   
    7.744      31.3   42.9929         0     101.7      5.79   102.087   115.108         0         0   
