!# Results of ROTMAS saved at 12-May-2008 (12:04:28)
!# User velocity         : Vu=V200*SQRT(((LN(1+C*R*0.75/V200))-(C*R*0.75/V200)/(1+C*R*0.75/V200))/((0.75*R/V200)*(LN(1+C)-(C/(1+C)))))
!# Total velocity        : Vt=SQRT(MG*VG*ABS(VG)+MD*VD*ABS(VD)+VU**2)
!# Chi-square            : 206.261
!# Red. Chi-square (N=96,n=1) : 2.171165
!# Parameter name  :            C        V200          MD          MG
!# Parameter value :     0.100000   845.802979     0.710000     1.000000 
!# Parameter error :     0.000000    25.411663     0.000000     0.000000 
!#
!# Radius |  vgas   |  vdisk  |  vbulge |  vobs   | err vobs|   Vu    |   Vt    |   Rxv   |   Vxy   |
!# kpc       km/s      km/s       km/s     km/s     km/s       km/s      km/s       kpc       km/s   
!#===================================================================================================
   0.4002     0.606     10.95         0      29.4     6.484   16.9824   20.2156         0         0   
   0.5336    -2.114   13.9546         0      26.8     5.743   19.6094   23.9748         0         0   
    0.667    -3.242   16.5586         0     24.28     7.477   21.9238   27.2824         0         0   
   0.8004   -0.9107    18.671         0     26.21      6.25   24.0161   30.4064         0         0   
   0.9338      2.92   20.6377         0     27.02     6.001   25.9402   33.2766         0         0   
    1.067     5.223    22.495         0      30.4     8.367   27.7284   36.0856         0         0   
    1.201     6.908   24.1764         0     30.38     7.128   29.4178   38.6992         0         0   
    1.334     6.357   25.6634         0        33      6.25   31.0037   40.7462         0         0   
    1.467     5.724   27.0838         0     36.25     5.424   32.5123   42.7007         0         0   
    1.601     5.785    28.401         0     36.53     5.883   33.9645   44.6505         0         0   
    1.734     6.657   29.5845         0     35.71     4.943   35.3468   46.5721         0         0   
    1.868     7.335   30.7197         0     36.17      3.18   36.6869    48.409         0         0   
    2.001     8.222   31.8123         0     38.09     3.374   37.9702   50.2131         0         0   
    2.134     9.402   32.9595         0     38.92     3.204   39.2114   52.0794         0         0   
    2.268     10.33   34.0035         0     41.74     3.505   40.4235   53.8238         0         0   
    2.401     11.38   34.8412         0     43.09     3.631   41.5915   55.4371         0         0   
    2.535     12.09   35.5573         0     44.55       4.3    42.736   56.8934         0         0   
    2.668     11.59   35.8791         0     47.67      4.02   43.8424   57.8255         0         0   
    2.801      10.8   36.2858         0     49.36     4.203   44.9216   58.7473         0         0   
    2.935     10.81   36.7592         0     50.88     4.307   45.9832   59.8544         0         0   
    3.068     11.04   37.3176         0      53.5     3.576   47.0131   61.0305         0         0   
    3.202     10.08   37.8154         0     54.01      4.13   48.0285   61.9544         0         0   
    3.335     8.541   38.1432         0     54.78      4.89   49.0154   62.6926         0         0   
    3.468      8.55    38.477         0        54     4.584   49.9828   63.6543         0         0   
    3.602     8.657   38.7866         0      55.6     4.581   50.9389   64.6074         0         0   
    3.735     8.919   39.0233         0     56.55     5.124   51.8704   65.5203         0         0   
    3.869     9.797   39.2418         0     57.95     5.399   52.7923   66.5051         0         0   
    4.002      11.3   39.4057         0     59.42     5.586   53.6916   67.5521         0         0   
    4.135     13.46   39.5211         0     60.59     6.806    54.576   68.7141         0         0   
    4.269     15.12   39.6971         0     62.14     6.055   55.4528   69.8533         0         0   
    4.402     16.52   40.0309         0     64.74     6.001   56.3096   71.0362         0         0   
    4.536     17.53   40.1826         0     69.01     6.061   57.1597    72.036         0         0   
    4.669     16.89   40.6379         0     72.35     6.388   57.9912    72.799         0         0   
    4.802      14.8   41.2874         0     74.67      6.88   58.8109   73.3649         0         0   
    4.936     13.22   41.4816         0     76.93     6.884   59.6254   73.8287         0         0   
    5.069     13.77   41.8397         0     79.29     6.961   60.4228   74.7736         0         0   
    5.203     14.41   41.9429         0     78.92     6.436   61.2158   75.5925         0         0   
    5.336     13.36   41.9187         0     79.32     7.922   61.9928   76.0182         0         0   
    5.469     12.14   41.8518         0     76.57     4.999   62.7601   76.4054         0         0   
    5.603     12.01   41.6212         0     75.18     7.172   63.5238   76.8885         0         0   
    5.736     11.68   41.5788         0     73.21     8.187   64.2728   77.4352         0         0   
     5.87     12.93   41.6029         0     73.21     8.532   65.0187   78.2651         0         0   
    6.003     14.07   41.5362         0     71.35     8.346   65.7507    79.034         0         0   
    6.136     13.76   41.7001         0     69.92     8.826   66.4745   79.6687         0         0   
     6.27     12.65   41.7911         0     72.19      8.65   67.1959   80.1362         0         0   
    6.403     11.21   42.0825         0     78.75     8.945   67.9043   80.6697         0         0   
    6.537     11.58   42.6409         0     80.78     6.445   68.6107   81.6074         0         0   
     6.67     14.49    43.169         0     80.22     5.568   69.3046   82.9256         0         0   
    6.803      16.7   43.5635         0      82.7      6.35   69.9916   84.1159         0         0   
    6.937     18.78    44.207         0     86.43     4.448    70.677   85.4528         0         0   
     7.07     20.57   44.5893         0      88.6      4.35   71.3507   86.6156         0         0   
    7.203     21.35   44.6015         0     91.08     4.298   72.0182   87.3598         0         0   
    7.337     22.12   44.8443         0     92.88     4.457   72.6844   88.2232         0         0   
     7.47     23.08   45.0264         0      94.8     4.752   73.3396   89.0997         0         0   
    7.604     23.86   45.0021         0     97.01      4.71   73.9939   89.8309         0         0   
    7.737     24.06   45.3542         0     99.38     5.542   74.6376   90.5906         0         0   
     7.87     24.24   45.4755         0     100.2     5.752   75.2758   91.2253         0         0   
    8.004     24.27   45.5363         0     99.53     5.578   75.9134   91.7901         0         0   
    8.137     24.08   45.6334         0     103.9     6.196   76.5409    92.308         0         0   
    8.271     23.78   45.4755         0     104.8     6.136   77.1679   92.6736         0         0   
    8.404     23.78   45.4877         0     104.5     6.782   77.7853   93.1943         0         0   
    8.537     23.95   45.2509         0     105.3      6.32   78.3978   93.6347         0         0   
    8.671     24.09   45.0628         0     106.5     6.257     79.01   94.0934         0         0   
    8.804      24.7   45.2813         0     106.9     6.551    79.613   94.8616         0         0   
    8.938     25.98   45.4088         0     107.9     7.506    80.216   95.7681         0         0   
    9.071     26.64    45.864         0       108     7.682     80.81   96.6615         0         0   
    9.204     26.38   46.1615         0     105.7     7.315   81.3996   97.2249         0         0   
    9.338     26.29   46.0158         0     105.9     7.496   81.9894   97.6262         0         0   
    9.471     27.41   45.9794         0     105.9      7.58   82.5705   98.4038         0         0   
    9.605     28.94   46.1493         0       107     7.131   83.1519   99.4058         0         0   
    9.738     30.22   46.1493         0     108.7      6.23    83.725   100.264         0         0   
    9.871     30.61   46.5196         0     110.8     5.671   84.2942   101.027         0         0   
       10     30.38   46.8595         0       112     5.477   84.8425   101.573         0         0   
    10.14     30.34   46.9324         0     111.3     5.511   85.4336   102.089         0         0   
    10.27     30.88   47.0598         0     110.3     5.393   85.9789   102.765         0         0   
    10.41     32.44   47.3998         0       110     5.502   86.5622   103.885         0         0   
    10.54      33.4   47.4543         0     109.1     5.663   87.1004   104.661         0         0   
    10.67     34.06   47.5272         0     110.8     5.623   87.6352   105.351         0         0   
    10.81     35.01   47.5272         0       111     5.061   88.2075   106.137         0         0   
    10.94     36.07    47.418         0     110.2     4.865   88.7356   106.881         0         0   
    11.07     37.27   47.3572         0     109.6     5.288   89.2606     107.7         0         0   
    11.21     38.41   47.4846         0       111      5.15   89.8225    108.62         0         0   
    11.34     39.02   47.5515         0     110.8      5.41   90.3412   109.294         0         0   
    11.47     39.21   47.5697         0     110.8     5.392   90.8568   109.796         0         0   
    11.61      40.2   47.3633         0     111.3      5.31   91.4089   110.521         0         0   
    11.74     41.34   47.5758         0     111.8      5.38   91.9185   111.452         0         0   
    11.87     42.22   48.1827         0     112.7     5.279   92.4253   112.457         0         0   
    12.01     43.47   48.5227         0     113.4     5.305    92.968   113.522         0         0   
    12.14     44.43   48.5287         0     113.3     5.363   93.4691   114.305         0         0   
    12.27     44.92   48.3891         0     113.9     5.657   93.9675   114.844         0         0   
    12.41     45.56   48.1221         0       114     6.213   94.5013   115.421         0         0   
    12.54      46.3   48.2678         0     113.3      6.57   94.9942   116.178         0         0   
    12.67     46.54    48.462         0     113.2     6.817   95.4846   116.755         0         0   
    12.81     47.07   48.7837         0       113     6.983   96.0099    117.53         0         0   
    12.94     47.71   49.0447         0     113.9     7.577   96.4951   118.292         0         0   
    13.07     48.48   48.8322         0     114.5     7.408   96.9779    118.91         0         0   
