!# Results of ROTMAS saved at 12-May-2008 (12:02:40)
!# User velocity         : Vu=SQRT(4*{PI}*4.321*RHO*RC*RC*(1-(RC/R)*ATAN(R/RC)))
!# Total velocity        : Vt=SQRT(MG*VG*ABS(VG)+MD*VD*ABS(VD)+VU**2)
!# Chi-square            : 107.08
!# Red. Chi-square (N=96,n=2) : 1.139151
!# Parameter name  :           RC         RHO          MD          MG
!# Parameter value :     9.668120     5.885760     0.710000     1.000000 
!# Parameter error :     1.272239     0.532021     0.000000     0.000000 
!#
!# Radius |  vgas   |  vdisk  |  vbulge |  vobs   | err vobs|   Vu    |   Vt    |   Rxv   |   Vxy   |
!# kpc       km/s      km/s       km/s     km/s     km/s       km/s      km/s       kpc       km/s   
!#===================================================================================================
   0.4002     0.606   13.6768         0      29.4     6.484   4.12849   14.2992         0         0   
   0.5336    -2.114   17.4297         0      26.8     5.743   5.50246   18.1549         0         0   
    0.667    -3.242   20.6821         0     24.28     7.477   6.87456   21.5522         0         0   
   0.8004   -0.9107   23.3204         0     26.21      6.25   8.24431    24.718         0         0   
   0.9338      2.92   25.7769         0     27.02     6.001   9.61127   27.6649         0         0   
    1.067     5.223   28.0967         0      30.4     8.367   10.9729   30.6122         0         0   
    1.201     6.908   30.1968         0     30.38     7.128   12.3391    33.344         0         0   
    1.334     6.357   32.0542         0        33      6.25   13.6909   35.4305         0         0   
    1.467     5.724   33.8283         0     36.25     5.424   15.0382   37.4602         0         0   
    1.601     5.785   35.4734         0     36.53     5.883   16.3907   39.5029         0         0   
    1.734     6.657   36.9518         0     35.71     4.943   17.7276   41.5213         0         0   
    1.868     7.335   38.3696         0     36.17      3.18   19.0688   43.4701         0         0   
    2.001     8.222   39.7342         0     38.09     3.374   20.3939   45.4128         0         0   
    2.134     9.402   41.1671         0     38.92     3.204   21.7125   47.4822         0         0   
    2.268     10.33   42.4711         0     41.74     3.505    23.034   49.4072         0         0   
    2.401     11.38   43.5174         0     43.09     3.631   24.3384   51.1432         0         0   
    2.535     12.09   44.4119         0     44.55       4.3    25.645   52.6901         0         0   
    2.668     11.59   44.8137         0     47.67      4.02    26.934   53.5541         0         0   
    2.801      10.8   45.3217         0     49.36     4.203   28.2148   54.4681         0         0   
    2.935     10.81    45.913         0     50.88     4.307   29.4967    55.632         0         0   
    3.068     11.04   46.6105         0      53.5     3.576   30.7602   56.9264         0         0   
    3.202     10.08   47.2322         0     54.01      4.13   32.0242   57.9485         0         0   
    3.335     8.541   47.6415         0     54.78      4.89   33.2694   58.7326         0         0   
    3.468      8.55   48.0586         0        54     4.584   34.5051   59.7774         0         0   
    3.602     8.657   48.4452         0      55.6     4.581   35.7403   60.8215         0         0   
    3.735     8.919   48.7409         0     56.55     5.124   36.9563   61.8142         0         0   
    3.869     9.797   49.0138         0     57.95     5.399   38.1713   62.8918         0         0   
    4.002      11.3   49.2186         0     59.42     5.586   39.3668   64.0305         0         0   
    4.135     13.46   49.3626         0     60.59     6.806   40.5519   65.2863         0         0   
    4.269     15.12   49.5825         0     62.14     6.055   41.7352   66.5498         0         0   
    4.402     16.52   49.9994         0     64.74     6.001   42.8989   67.9203         0         0   
    4.536     17.53   50.1889         0     69.01     6.061   44.0604   69.0474         0         0   
    4.669     16.89   50.7575         0     72.35     6.388   45.2022   70.0346         0         0   
    4.802      14.8   51.5688         0     74.67      6.88    46.333   70.8881         0         0   
    4.936     13.22   51.8114         0     76.93     6.884   47.4609   71.4963         0         0   
    5.069     13.77   52.2586         0     79.29     6.961   48.5692   72.6605         0         0   
    5.203     14.41   52.3876         0     78.92     6.436   49.6744   73.6183         0         0   
    5.336     13.36   52.3572         0     79.32     7.922     50.76   74.1373         0         0   
    5.469     12.14   52.2739         0     76.57     4.999   51.8342   74.6105         0         0   
    5.603     12.01   51.9857         0     75.18     7.172    52.905   75.1378         0         0   
    5.736     11.68   51.9327         0     73.21     8.187   53.9563   75.7939         0         0   
     5.87     12.93    51.963         0     73.21     8.532   55.0039   76.7644         0         0   
    6.003     14.07   51.8795         0     71.35     8.346   56.0323   77.6471         0         0   
    6.136     13.76   52.0843         0     69.92     8.826   57.0492   78.4648         0         0   
     6.27     12.65    52.198         0     72.19      8.65   58.0623   79.0941         0         0   
    6.403     11.21   52.5619         0     78.75     8.945   59.0564   79.8503         0         0   
    6.537     11.58   53.2594         0     80.78     6.445   60.0464    81.094         0         0   
     6.67     14.49    53.919         0     80.22     5.568   61.0178   82.7066         0         0   
    6.803      16.7   54.4118         0      82.7      6.35   61.9778   84.1474         0         0   
    6.937     18.78   55.2154         0     86.43     4.448   62.9338   85.8026         0         0   
     7.07     20.57    55.693         0      88.6      4.35   63.8714   87.2031         0         0   
    7.203     21.35   55.7082         0     91.08     4.298   64.7979   88.0795         0         0   
    7.337     22.12   56.0115         0     92.88     4.457   65.7202   89.1388         0         0   
     7.47     23.08   56.2389         0      94.8     4.752   66.6247   90.1906         0         0   
    7.604     23.86   56.2086         0     97.01      4.71    67.525   91.0402         0         0   
    7.737     24.06   56.6483         0     99.38     5.542   68.4077   92.0192         0         0   
     7.87     24.24   56.7999         0     100.2     5.752   69.2797   92.8089         0         0   
    8.004     24.27   56.8758         0     99.53     5.578   70.1475   93.5123         0         0   
    8.137     24.08   56.9971         0     103.9     6.196   70.9983   94.1768         0         0   
    8.271     23.78   56.7999         0     104.8     6.136    71.845   94.6225         0         0   
    8.404     23.78   56.8152         0     104.5     6.782   72.6749   95.2633         0         0   
    8.537     23.95   56.5194         0     105.3      6.32   73.4947   95.7576         0         0   
    8.671     24.09   56.2844         0     106.5     6.257   74.3103   96.2823         0         0   
    8.804      24.7   56.5573         0     106.9     6.551   75.1098   97.2127         0         0   
    8.938     25.98   56.7165         0     107.9     7.506   75.9053   98.2514         0         0   
    9.071     26.64   57.2851         0       108     7.682    76.685   99.3572         0         0   
    9.204     26.38   57.6567         0     105.7     7.315    77.455   100.097         0         0   
    9.338     26.29   57.4747         0     105.9     7.496   78.2211   100.564         0         0   
    9.471     27.41   57.4292         0     105.9      7.58    78.972    101.42         0         0   
    9.605     28.94   57.6414         0       107     7.131    79.719   102.544         0         0   
    9.738     30.22   57.6414         0     108.7      6.23   80.4512    103.48         0         0   
    9.871     30.61   58.1039         0     110.8     5.671   81.1742   104.414         0         0   
       10     30.38   58.5285         0       112     5.477   81.8669   105.122         0         0   
    10.14     30.34   58.6195         0     111.3     5.511   82.6092    105.74         0         0   
    10.27     30.88   58.7787         0     110.3     5.393   83.2897   106.516         0         0   
    10.41     32.44   59.2033         0       110     5.502   84.0132   107.776         0         0   
    10.54      33.4   59.2715         0     109.1     5.663   84.6766   108.622         0         0   
    10.67     34.06   59.3625         0     110.8     5.623   85.3319   109.387         0         0   
    10.81     35.01   59.3625         0       111     5.061   86.0287   110.229         0         0   
    10.94     36.07   59.2261         0     110.2     4.865   86.6675   110.996         0         0   
    11.07     37.27   59.1501         0     109.6     5.288   87.2986   111.843         0         0   
    11.21     38.41   59.3093         0       111      5.15   87.9697   112.834         0         0   
    11.34     39.02   59.3927         0     110.8      5.41    88.585   113.567         0         0   
    11.47     39.21   59.4155         0     110.8     5.392   89.1929   114.118         0         0   
    11.61      40.2   59.1577         0     111.3      5.31   89.8393   114.834         0         0   
    11.74     41.34   59.4231         0     111.8      5.38   90.4321   115.836         0         0   
    11.87     42.22   60.1812         0     112.7     5.279   91.0177   116.998         0         0   
    12.01     43.47   60.6058         0     113.4     5.305   91.6405   118.155         0         0   
    12.14     44.43   60.6133         0     113.3     5.363   92.2116   118.958         0         0   
    12.27     44.92    60.439         0     113.9     5.657   92.7758   119.491         0         0   
    12.41     45.56   60.1054         0       114     6.213    93.376   120.031         0         0   
    12.54      46.3   60.2874         0     113.3      6.57   93.9264   120.832         0         0   
    12.67     46.54     60.53         0     113.2     6.817   94.4703   121.468         0         0   
    12.81     47.07   60.9318         0       113     6.983   95.0487   122.321         0         0   
    12.94     47.71   61.2578         0     113.9     7.577   95.5793   123.143         0         0   
    13.07     48.48   60.9925         0     114.5     7.408   96.1036   123.719         0         0   
