!# Results of ROTMAS saved at 12-Oct-2007 (12:28:05)
!# User velocity         : Vu=SQRT(4*{PI}*4.321*RHO*RC*RC*(1-(RC/R)*ATAN(R/RC)))
!# Total velocity        : Vt=SQRT(MG*VG*ABS(VG)+MD*VD*ABS(VD)+VU**2)
!# Chi-square            : 202.203
!# Red. Chi-square (N=96,n=2) : 2.151097
!# Parameter name  :           RC         RHO          MD          MG
!# Parameter value :    16.863800     3.377520     1.000000     1.000000 
!# Parameter error :     7.473137     0.529064     0.000000     0.000000 
!#
!# Radius |  vgas   |  vdisk  |  vbulge |  vobs   | err vobs|   Vu    |   Vt    |   Rxv   |   Vxy   |
!# kpc       km/s      km/s       km/s     km/s     km/s       km/s      km/s       kpc       km/s   
!#===================================================================================================
   0.4002     0.606   16.2314         0      29.4     6.484   3.12852   16.5413         0         0   
   0.5336    -2.114   20.6852         0      26.8     5.743   4.17081   20.9953         0         0   
    0.667    -3.242   24.5451         0     24.28     7.477   5.21264   24.8822         0         0   
   0.8004   -0.9107   27.6762         0     26.21      6.25   6.25388   28.3594         0         0   
   0.9338      2.92   30.5915         0     27.02     6.001   7.29441   31.5844         0         0   
    1.067     5.223   33.3446         0      30.4     8.367   8.33257   34.7645         0         0   
    1.201     6.908    35.837         0     30.38     7.128   9.37603   37.6818         0         0   
    1.334     6.357   38.0413         0        33      6.25   10.4107   39.9491         0         0   
    1.467     5.724   40.1468         0     36.25     5.424   11.4441   42.1367         0         0   
    1.601     5.785   42.0992         0     36.53     5.883   12.4841   44.2906         0         0   
    1.734     6.657   43.8537         0     35.71     4.943   13.5149   46.3693         0         0   
    1.868     7.335   45.5363         0     36.17      3.18    14.552   48.3644         0         0   
    2.001     8.222   47.1558         0     38.09     3.374   15.5797   50.3388         0         0   
    2.134     9.402   48.8564         0     38.92     3.204   16.6057   52.4509         0         0   
    2.268     10.33   50.4039         0     41.74     3.505   17.6376   54.3907         0         0   
    2.401     11.38   51.6456         0     43.09     3.631   18.6599     56.08         0         0   
    2.535     12.09   52.7072         0     44.55       4.3   19.6878   57.5485         0         0   
    2.668     11.59   53.1841         0     47.67      4.02   20.7059   58.2375         0         0   
    2.801      10.8    53.787         0     49.36     4.203   21.7217   59.0044         0         0   
    2.935     10.81   54.4887         0     50.88     4.307   22.7429   60.0259         0         0   
    3.068     11.04   55.3165         0      53.5     3.576    23.754    61.205         0         0   
    3.202     10.08   56.0543         0     54.01      4.13   24.7701   62.1068         0         0   
    3.335     8.541   56.5401         0     54.78      4.89   25.7761   62.7227         0         0   
    3.468      8.55   57.0351         0        54     4.584   26.7793   63.5864         0         0   
    3.602     8.657   57.4939         0      55.6     4.581   27.7872   64.4408         0         0   
    3.735     8.919   57.8448         0     56.55     5.124   28.7847   65.2237         0         0   
    3.869     9.797   58.1687         0     57.95     5.399   29.7866   66.0819         0         0   
    4.002      11.3   58.4117         0     59.42     5.586    30.778   66.9844         0         0   
    4.135     13.46   58.5826         0     60.59     6.806   31.7663   67.9867         0         0   
    4.269     15.12   58.8436         0     62.14     6.055   32.7586    69.024         0         0   
    4.402     16.52   59.3384         0     64.74     6.001   33.7403   70.2308         0         0   
    4.536     17.53   59.5633         0     69.01     6.061   34.7259   71.1405         0         0   
    4.669     16.89   60.2381         0     72.35     6.388   35.7006   72.0308         0         0   
    4.802      14.8   61.2009         0     74.67      6.88   36.6718   72.8657         0         0   
    4.936     13.22   61.4888         0     76.93     6.884   37.6466   73.3001         0         0   
    5.069     13.77   62.0196         0     79.29     6.961   38.6104   74.3425         0         0   
    5.203     14.41   62.1726         0     78.92     6.436   39.5776   75.0964         0         0   
    5.336     13.36   62.1366         0     79.32     7.922   40.5338    75.382         0         0   
    5.469     12.14   62.0377         0     76.57     4.999   41.4861   75.6119         0         0   
    5.603     12.01   61.6957         0     75.18     7.172   42.4415   75.8412         0         0   
    5.736     11.68   61.6328         0     73.21     8.187   43.3858   76.2716         0         0   
     5.87     12.93   61.6687         0     73.21     8.532    44.333    77.043         0         0   
    6.003     14.07   61.5697         0     71.35     8.346    45.269    77.705         0         0   
    6.136     13.76   61.8127         0     69.92     8.826   46.2008   78.3879         0         0   
     6.27     12.65   61.9476         0     72.19      8.65   47.1353   78.8623         0         0   
    6.403     11.21   62.3795         0     78.75     8.945   48.0585   79.5392         0         0   
    6.537     11.58   63.2073         0     80.78     6.445   48.9842   80.8005         0         0   
     6.67     14.49   63.9901         0     80.22     5.568   49.8987   82.4292         0         0   
    6.803      16.7   64.5749         0      82.7      6.35   50.8087    83.847         0         0   
    6.937     18.78   65.5286         0     86.43     4.448    51.721   85.5672         0         0   
     7.07     20.57   66.0954         0      88.6      4.35   52.6219   86.9528         0         0   
    7.203     21.35   66.1135         0     91.08     4.298   53.5183   87.6985         0         0   
    7.337     22.12   66.4734         0     92.88     4.457   54.4167   88.7085         0         0   
     7.47     23.08   66.7433         0      94.8     4.752   55.3039   89.6988         0         0   
    7.604     23.86   66.7073         0     97.01      4.71   56.1929   90.4257         0         0   
    7.737     24.06   67.2292         0     99.38     5.542   57.0706   91.4096         0         0   
     7.87     24.24   67.4091         0     100.2     5.752   57.9436   92.1359         0         0   
    8.004     24.27   67.4991         0     99.53     5.578   58.8184   92.7618         0         0   
    8.137     24.08   67.6431         0     103.9     6.196   59.6818   93.3667         0         0   
    8.271     23.78   67.4091         0     104.8     6.136   60.5468   93.6771         0         0   
    8.404     23.78   67.4272         0     104.5     6.782   61.4006   94.2441         0         0   
    8.537     23.95   67.0762         0     105.3      6.32   62.2495   94.5929         0         0   
    8.671     24.09   66.7973         0     106.5     6.257   63.0998   94.9937         0         0   
    8.804      24.7   67.1212         0     106.9     6.551    63.939   95.9351         0         0   
    8.938     25.98   67.3101         0     107.9     7.506   64.7794   96.9638         0         0   
    9.071     26.64   67.9849         0       108     7.682   65.6087   98.1638         0         0   
    9.204     26.38   68.4259         0     105.7     7.315   66.4331   98.9513         0         0   
    9.338     26.29   68.2099         0     105.9     7.496   67.2586   99.3352         0         0   
    9.471     27.41   68.1559         0     105.9      7.58   68.0731   100.152         0         0   
    9.605     28.94   68.4078         0       107     7.131   68.8887   101.305         0         0   
    9.738     30.22   68.4078         0     108.7      6.23   69.6932   102.225         0         0   
    9.871     30.61   68.9566         0     110.8     5.671   70.4927   103.253         0         0   
       10     30.38   69.4605         0       112     5.477   71.2635   104.049         0         0   
    10.14     30.34   69.5685         0     111.3     5.511   72.0947    104.68         0         0   
    10.27     30.88   69.7575         0     110.3     5.393   72.8616   105.492         0         0   
    10.41     32.44   70.2614         0       110     5.502   73.6822   106.855         0         0   
    10.54      33.4   70.3423         0     109.1     5.663   74.4392   107.726         0         0   
    10.67     34.06   70.4503         0     110.8     5.623   75.1916   108.522         0         0   
    10.81     35.01   70.4503         0       111     5.061   75.9965   109.382         0         0   
    10.94     36.07   70.2884         0     110.2     4.865    76.739   110.138         0         0   
    11.07     37.27   70.1983         0     109.6     5.288   77.4767   110.993         0         0   
    11.21     38.41   70.3872         0       111      5.15    78.266    112.05         0         0   
    11.34     39.02   70.4862         0     110.8      5.41    78.994   112.831         0         0   
    11.47     39.21   70.5132         0     110.8     5.392   79.7173   113.421         0         0   
    11.61      40.2   70.2073         0     111.3      5.31    80.491   114.122         0         0   
    11.74     41.34   70.5223         0     111.8      5.38   81.2045   115.224         0         0   
    11.87     42.22    71.422         0     112.7     5.279   81.9134   116.591         0         0   
    12.01     43.47   71.9259         0     113.4     5.305   82.6717   117.888         0         0   
    12.14     44.43   71.9348         0     113.3     5.363   83.3709   118.741         0         0   
    12.27     44.92   71.7279         0     113.9     5.657   84.0656   119.288         0         0   
    12.41     45.56    71.332         0       114     6.213   84.8085   119.818         0         0   
    12.54      46.3    71.548         0     113.3      6.57   85.4935   120.714         0         0   
    12.67     46.54   71.8359         0     113.2     6.817    86.174   121.459         0         0   
    12.81     47.07   72.3128         0       113     6.983   86.9018   122.461         0         0   
    12.94     47.71   72.6996         0     113.9     7.577   87.5728   123.412         0         0   
    13.07     48.48   72.3848         0     114.5     7.408   88.2394       124         0         0   
