351452 11.11 12.48 266.92  9.20 1.75 0.82
368436 11.33 12.64 290.15 16.58 1.79 0.84
369366 10.89 12.25 225.96 13.18 1.82 0.89
376544 10.95 12.43 217.65  9.49 1.89 0.85
383723 11.05 12.56 263.57 10.56 1.76 0.80
385350 10.90 12.28 225.05 13.54 2.12 0.89
386429 11.01 12.57 233.25  9.08 1.82 0.80
393336 10.78 12.32 207.71  6.08 2.21 0.87
397568 11.02 12.37 246.93  8.93 2.03 0.82
401670 11.07 12.58 272.28  9.25 1.75 0.82
405000 11.01 12.45 240.02 13.14 1.94 0.85
406698 10.99 12.37 243.14  8.96 2.69 0.83
408647 10.90 12.46 238.12  8.15 2.06 0.86
418911 11.02 12.53 246.66  9.98 1.90 0.82
420304 10.73 12.32 222.87  7.09 2.19 0.72
421835 10.87 12.39 224.17  7.85 2.64 0.91
424986 11.17 12.46 256.25 12.19 1.97 0.87
426665 10.81 12.31 208.67  5.60 2.17 0.89
429041 10.75 12.12 216.53  7.43 1.81 0.85
429127 10.97 12.37 228.21 11.12 1.86 0.84
430470 10.81 12.24 193.82  7.68 2.14 0.87
430683 10.89 12.34 201.38 10.85 1.85 0.85
430850 10.81 12.19 204.71  9.84 2.30 0.86
431201 11.06 12.38 252.97 11.79 1.82 0.78
433111 10.96 12.33 221.42 15.39 1.79 0.85
434410 10.74 12.34 209.35 10.14 1.75 0.73
435417 10.96 12.39 230.59 11.75 2.42 0.81
436349 10.92 12.39 233.72  8.29 1.70 0.75
437121 10.87 12.41 222.70  8.39 1.71 0.80
438297 10.79 12.12 215.06  8.63 3.52 0.88
438368 11.08 12.44 263.39  8.99 2.12 0.80
438787 10.73 12.28 206.56  7.35 2.26 0.85
441141 10.84 12.21 225.77  6.35 1.90 0.76
442227 10.81 12.25 214.85  8.60 2.28 0.89
442350 10.91 12.32 212.53 12.25 1.71 0.82
442979 10.82 12.31 211.13  5.19 1.82 0.72
443356 11.05 12.34 239.58 13.47 1.87 0.86
443914 10.75 12.02 202.86  5.49 2.75 0.89
444184 11.04 12.41 265.13  9.13 2.60 0.85
445092 11.01 12.39 246.99  7.49 1.78 0.78
445271 11.09 12.36 252.65 10.19 2.37 0.90
445567 10.75 12.20 198.00 13.11 2.28 0.88
445939 10.94 12.42 257.35  7.88 1.78 0.81
446112 11.09 12.36 260.05  7.05 1.98 0.78
447606 11.10 12.31 229.29  9.46 1.88 0.79
448021 11.00 12.38 244.09  8.93 2.24 0.83
449201 10.87 12.39 241.59  6.82 1.89 0.78
449267 10.95 12.26 231.86  8.91 2.12 0.84
449465 10.93 12.38 237.80  8.94 2.19 0.85
449651 10.96 12.34 230.55 12.44 2.00 0.87
449972 10.97 12.22 239.78  9.15 2.03 0.72
450849 10.95 12.30 237.22 10.25 1.86 0.84
451323 10.88 12.30 228.69  8.54 1.94 0.84
451410 10.81 12.22 217.40 11.78 1.79 0.90
452279 10.91 12.28 231.56  7.83 1.95 0.80
452357 10.80 12.04 222.34  5.35 2.68 0.86
453313 10.80 12.25 212.62  9.29 2.11 0.83
453393 10.76 12.25 211.65  8.01 1.79 0.73
453713 11.06 12.34 253.99 11.88 1.77 0.81
453961 10.72 12.12 213.98  7.24 2.28 0.90
456538 10.94 12.31 234.52 10.52 1.72 0.82
456725 10.84 12.29 228.30 11.07 2.19 0.85
457000 10.84 12.26 212.36  5.68 1.75 0.78
458604 10.95 12.25 223.44  9.91 1.71 0.87
461202 10.70 12.18 198.04 10.20 2.64 0.89
461806 10.78 12.17 217.84  9.38 2.25 0.78
462077 10.89 12.24 214.97 11.75 2.01 0.85
462564 10.92 12.23 219.84 12.97 1.79 0.79
463395 10.72 12.18 201.36  7.29 1.85 0.86
465495 10.85 12.29 218.37  5.87 1.75 0.78
466387 10.91 12.18 230.78  5.97 1.83 0.81
466436 10.72 12.13 215.61  6.54 1.96 0.81
466746 10.86 12.21 226.33  7.38 3.07 0.87
467575 10.72 12.14 207.41  7.01 2.05 0.85
467871 10.75 12.13 210.36 14.01 1.76 0.80
467958 10.94 12.28 239.64  8.45 2.07 0.77
468921 10.93 12.16 225.26  9.25 2.55 0.85
469265 10.86 12.20 224.09  7.41 2.31 0.87
469438 10.91 12.20 229.80  8.59 1.80 0.72
469502 10.82 12.15 211.71 10.19 2.50 0.87
469930 10.90 12.14 220.61  8.71 2.94 0.86
470617 10.80 12.14 229.84  5.75 3.49 0.79
471420 10.87 12.20 213.82  8.76 2.19 0.81
471665 10.70 12.10 203.44  5.95 2.32 0.86
471857 10.99 12.13 212.09  8.04 1.87 0.86
472174 10.95 12.20 231.12  7.59 2.69 0.86
473641 10.90 12.18 216.34 10.36 1.75 0.78
474170 10.77 12.23 222.58  8.42 1.87 0.84
474813 10.77 12.11 213.30  7.88 2.23 0.83
475490 10.84 12.16 220.87  6.37 2.44 0.84
476997 10.78 12.10 224.03  9.56 2.28 0.86
477518 10.90 12.11 230.75  8.12 2.56 0.88
478696 10.73 12.09 205.87  4.70 2.43 0.88
479839 10.76 12.11 204.21  6.80 2.21 0.84
480391 10.75 12.17 210.63  6.00 1.93 0.79
480550 10.86 12.15 215.27 11.48 1.82 0.83
480879 10.79 12.08 203.62  8.73 1.97 0.78
481126 10.75 12.06 209.65  6.46 2.43 0.82
482714 10.77 12.15 206.49  6.14 2.08 0.80
483179 10.83 12.14 208.41 10.41 1.96 0.85
483812 10.74 12.13 213.08  9.29 2.41 0.86
483868 10.83 12.15 216.84  8.44 1.91 0.77
483900 10.78 12.09 213.28  7.55 2.27 0.84
484307 10.78 12.11 216.11 11.42 1.76 0.86
484905 10.75 12.12 203.36  9.07 2.22 0.86
485233 10.87 12.15 205.79  8.39 2.22 0.85
485283 10.73 12.10 208.21 11.03 2.64 0.87
485326 10.79 12.10 197.21 11.28 2.08 0.87
486052 10.77 12.15 198.93  5.37 2.21 0.80
486875 10.70 12.08 209.01  4.85 2.29 0.83
486966 10.78 12.06 214.49  5.74 2.83 0.83
487072 10.77 12.14 212.83  6.26 1.95 0.80
487191 10.70 12.10 210.02  4.23 2.68 0.87
487244 10.83 12.06 212.04  9.60 3.31 0.88
488123 10.71 12.08 203.47 10.93 2.35 0.88
489314 10.76 12.15 211.79  7.34 2.30 0.81
489812 10.74 12.08 198.35  5.34 2.29 0.83
489901 10.71 12.09 208.55  4.27 2.35 0.83
489953 10.70 12.14 216.01  7.75 1.91 0.78
490577 10.81 12.09 213.35  6.58 2.17 0.84
491282 10.72 12.04 205.65  5.26 2.54 0.84
492392 10.76 12.12 219.50  5.78 2.51 0.79
493491 10.72 12.02 209.20  6.22 3.20 0.90
493964 10.71 12.04 201.71  8.14 1.99 0.80
498011 10.73 12.01 210.01  4.92 2.36 0.85
498768 10.71 11.97 201.82 11.85 2.90 0.90
499463 10.78 12.04 206.14 10.68 2.39 0.86
501604 10.72 11.99 201.68  3.91 1.83 0.77
504142 10.75 12.04 206.20  4.75 1.79 0.80
512154 10.72 11.93 211.47  7.80 3.05 0.89
